0 275 5.0
0 849 5.0
0 531 5.0
0 274 5.0
0 0 5.0
2 579 5.0
2 1109 5.0
2 735 5.0
2 550 5.0
2 472 5.0
2 1456 5.0
2 882 4.0
2 681 2.0
2 581 5.0
2 1089 4.0
2 400 3.0
2 1115 5.0
2 1533 5.0
2 939 4.0
2 1099 4.0
2 562 2.0
2 289 5.0
2 0 5.0
2 938 5.0
2 656 4.0
8 1728 5.0
8 215 5.0
8 1 5.0
8 323 3.0
8 23 5.0
8 317 5.0
13 268 5.0
13 151 5.0
13 225 5.0
13 143 5.0
13 3 3.0
13 245 5.0
13 1017 1.0
21 3 3.0
21 1343 5.0
21 15 4.0
21 1358 3.0
21 885 4.0
21 462 5.0
21 980 5.0
21 1434 5.0
40 1834 5.0
40 525 5.0
40 490 5.0
40 809 5.0
40 6 5.0
40 1529 5.0
40 755 5.0
40 1679 5.0
40 1370 5.0
48 1279 3.0
48 838 4.0
48 1185 2.0
48 8 5.0
48 1611 5.0
50 1031 4.0
50 9 4.0
50 273 4.0
50 271 1.0
50 759 5.0
50 267 5.0
50 274 5.0
55 1757 2.0
55 87 4.0
55 9 5.0
55 1707 5.0
55 1594 4.0
56 246 4.0
56 942 2.0
56 542 5.0
56 9 5.0
56 163 3.0
56 1292 5.0
56 1546 5.0
56 273 5.0
56 1233 4.0
56 1077 3.0
56 913 5.0
60 898 4.0
60 1085 5.0
60 801 5.0
60 1089 5.0
60 10 5.0
60 493 5.0
62 10 4.0
62 1394 4.0
62 881 3.0
62 675 3.0
62 860 5.0
64 853 5.0
64 92 3.0
64 1484 5.0
64 847 5.0
64 10 5.0
70 270 3.0
70 278 2.0
70 322 4.0
70 11 4.0
70 224 3.0
97 273 5.0
97 14 5.0
97 1776 5.0
97 1781 5.0
97 839 5.0
97 351 5.0
104 759 5.0
104 273 5.0
104 700 5.0
104 980 1.0
104 477 5.0
104 15 5.0
104 23 4.0
107 337 5.0
107 295 5.0
107 62 5.0
107 15 5.0
107 1658 5.0
107 141 5.0
107 57 5.0
107 177 5.0
107 240 5.0
111 15 5.0
111 224 1.0
111 568 1.0
111 820 5.0
111 1597 5.0
113 477 5.0
113 274 4.0
113 15 4.0
113 1671 4.0
113 1668 4.0
117 373 3.0
117 985 4.0
117 1062 4.0
117 885 5.0
117 322 4.0
117 120 4.0
117 1031 4.0
117 325 5.0
117 1650 5.0
117 273 5.0
117 258 4.0
117 15 3.0
117 1656 4.0
117 1030 5.0
118 759 5.0
118 1799 5.0
118 15 5.0
118 267 4.0
118 1744 5.0
118 57 5.0
124 801 5.0
124 1039 4.0
124 724 4.0
124 17 3.0
124 1116 3.0
124 662 4.0
124 904 4.0
124 305 3.0
135 558 5.0
135 186 4.0
135 17 4.0
135 397 5.0
135 1671 3.0
135 1293 4.0
135 1089 5.0
138 35 5.0
138 706 5.0
138 870 5.0
138 1292 5.0
138 1433 4.0
138 1293 5.0
138 17 5.0
138 1089 5.0
138 1109 5.0
138 1230 5.0
148 1044 4.0
148 340 4.0
148 1309 2.0
148 817 3.0
148 19 4.0
152 1606 5.0
152 1214 5.0
152 198 5.0
152 957 5.0
152 21 5.0
152 503 5.0
154 1120 3.0
154 1109 5.0
154 1574 5.0
154 22 5.0
154 1089 5.0
154 904 5.0
157 33 5.0
157 429 5.0
157 22 5.0
157 959 5.0
157 29 4.0
159 232 5.0
159 388 5.0
159 728 5.0
159 425 5.0
159 22 5.0
159 699 4.0
159 650 5.0
161 1141 5.0
161 49 5.0
161 1426 4.0
161 1656 5.0
161 466 5.0
161 642 4.0
161 114 4.0
161 23 5.0
161 1331 3.0
169 23 3.0
169 1807 3.0
169 873 5.0
169 1167 5.0
169 1826 3.0
170 814 5.0
170 603 5.0
170 1030 5.0
170 359 5.0
170 819 3.0
170 942 3.0
170 267 5.0
170 230 5.0
170 264 4.0
170 1031 5.0
170 1137 3.0
170 1280 5.0
170 265 5.0
170 482 5.0
170 1045 5.0
170 322 5.0
170 1252 5.0
170 124 5.0
170 759 5.0
170 1434 4.0
170 244 5.0
170 274 4.0
170 167 4.0
170 1272 3.0
170 42 4.0
170 1029 5.0
170 1158 2.0
170 1283 4.0
170 1425 5.0
170 1141 5.0
170 324 4.0
170 266 5.0
170 23 5.0
174 269 1.0
174 23 5.0
174 240 5.0
174 241 5.0
174 1799 5.0
174 1419 5.0
174 993 5.0
175 876 5.0
175 767 5.0
175 1007 5.0
175 755 5.0
175 633 5.0
175 1096 5.0
175 1456 5.0
175 1292 5.0
175 652 4.0
175 1021 5.0
175 227 5.0
175 1101 5.0
175 681 4.0
175 23 3.0
175 1607 5.0
175 812 5.0
175 1279 1.0
175 944 3.0
175 726 5.0
175 1654 5.0
182 681 5.0
182 25 4.0
182 1435 5.0
182 277 5.0
182 332 5.0
186 1714 3.0
186 236 3.0
186 1711 5.0
186 26 5.0
186 1523 4.0
191 27 5.0
191 1732 5.0
191 681 4.0
191 593 5.0
191 67 5.0
196 28 5.0
196 1644 5.0
196 1631 5.0
196 1620 5.0
196 1668 5.0
197 980 4.0
197 1356 5.0
197 311 5.0
197 224 5.0
197 29 5.0
197 1357 5.0
197 700 3.0
197 1175 3.0
197 1077 5.0
197 366 4.0
205 29 5.0
205 660 5.0
205 650 5.0
205 689 3.0
205 1236 5.0
205 649 5.0
209 1050 4.0
209 660 4.0
209 1154 5.0
209 1047 5.0
209 947 5.0
209 129 5.0
209 29 4.0
209 865 4.0
215 1514 5.0
215 700 5.0
215 80 5.0
215 1070 5.0
215 682 5.0
215 121 5.0
215 135 5.0
215 29 4.0
215 1045 5.0
215 122 4.0
215 167 5.0
215 139 5.0
219 534 2.0
219 277 5.0
219 30 1.0
219 538 2.0
219 533 2.0
224 478 5.0
224 1149 5.0
224 704 5.0
224 1409 5.0
224 705 5.0
224 31 5.0
244 1290 5.0
244 512 5.0
244 311 5.0
244 779 5.0
244 439 5.0
244 129 5.0
244 41 5.0
244 436 3.0
244 704 5.0
250 544 5.0
250 146 4.0
250 273 5.0
250 1802 2.0
250 43 5.0
255 521 5.0
255 1257 5.0
255 1293 1.0
255 1292 5.0
255 882 5.0
255 904 5.0
255 161 5.0
255 184 5.0
255 1118 5.0
255 1089 5.0
255 43 5.0
257 1535 4.0
257 1816 5.0
257 1431 4.0
257 43 4.0
257 576 5.0
257 1444 5.0
257 1093 5.0
269 1473 5.0
269 506 5.0
269 591 5.0
269 44 5.0
269 1184 5.0
280 848 5.0
280 801 5.0
280 1326 5.0
280 46 5.0
280 930 5.0
280 933 4.0
281 974 5.0
281 46 5.0
281 932 5.0
281 601 5.0
281 1583 4.0
281 975 5.0
287 120 5.0
287 1365 4.0
287 49 4.0
287 1141 5.0
287 1366 5.0
287 1332 5.0
287 982 5.0
287 1795 4.0
287 132 5.0
287 1334 4.0
287 119 5.0
287 1333 3.0
287 1151 4.0
287 1477 3.0
287 890 5.0
287 981 4.0
287 814 5.0
287 232 5.0
287 124 5.0
287 1792 4.0
294 274 5.0
294 49 5.0
294 244 5.0
294 273 5.0
294 98 5.0
315 1402 3.0
315 192 2.0
315 1091 5.0
315 1141 5.0
315 114 5.0
315 51 1.0
315 60 5.0
315 644 5.0
315 602 5.0
315 1332 5.0
315 488 4.0
315 67 5.0
315 570 3.0
315 693 5.0
315 142 5.0
315 1341 5.0
337 1822 5.0
337 1366 5.0
337 1727 5.0
337 760 5.0
337 57 5.0
337 274 5.0
337 346 5.0
337 1758 5.0
341 1507 5.0
341 57 5.0
341 1482 5.0
341 1574 5.0
341 874 5.0
341 274 5.0
341 1155 5.0
341 1055 4.0
341 1727 2.0
343 731 4.0
343 58 4.0
343 502 5.0
343 820 5.0
343 1662 5.0
343 1522 5.0
343 57 4.0
343 1181 4.0
343 1709 4.0
343 1011 2.0
343 375 5.0
343 475 5.0
348 807 5.0
348 1102 4.0
348 918 5.0
348 57 5.0
348 1193 3.0
354 602 5.0
354 665 5.0
354 59 5.0
354 732 5.0
354 1030 5.0
354 147 5.0
363 1074 5.0
363 61 5.0
363 544 5.0
363 1573 5.0
363 664 5.0
363 579 5.0
380 947 5.0
380 1194 5.0
380 1741 5.0
380 1011 4.0
380 103 5.0
380 63 5.0
380 462 5.0
380 232 5.0
380 62 5.0
384 740 5.0
384 1030 4.0
384 1354 3.0
384 760 5.0
384 62 5.0
384 1511 5.0
384 1159 5.0
384 1342 5.0
384 1077 5.0
384 1507 5.0
384 1272 5.0
384 122 5.0
386 62 5.0
386 285 5.0
386 1343 1.0
386 364 5.0
386 1018 5.0
386 950 5.0
386 173 5.0
394 336 5.0
394 65 5.0
394 334 4.0
394 405 5.0
394 251 5.0
394 472 5.0
395 1542 5.0
395 1377 5.0
395 1546 5.0
395 65 5.0
395 207 5.0
405 1151 3.0
405 1507 5.0
405 700 4.0
405 1509 2.0
405 980 5.0
405 542 5.0
405 1342 5.0
405 1383 5.0
405 981 4.0
405 1332 5.0
405 1143 5.0
405 814 5.0
405 1044 4.0
405 1508 3.0
405 68 5.0
416 1306 5.0
416 339 5.0
416 72 4.0
416 1798 5.0
416 995 5.0
429 579 5.0
429 1092 4.0
429 1334 5.0
429 648 3.0
429 114 5.0
429 120 4.0
429 872 5.0
429 522 4.0
429 1580 5.0
429 97 5.0
429 76 5.0
429 699 4.0
429 141 5.0
440 477 5.0
440 96 5.0
440 1219 4.0
440 252 5.0
440 79 4.0
440 102 5.0
440 1012 2.0
446 118 5.0
446 985 5.0
446 261 5.0
446 275 4.0
446 266 5.0
446 81 5.0
446 759 4.0
449 1032 5.0
449 244 5.0
449 814 5.0
449 985 4.0
449 135 5.0
449 290 5.0
449 82 5.0
452 273 5.0
452 600 5.0
452 82 5.0
452 700 5.0
452 887 5.0
452 270 5.0
452 985 5.0
452 1450 5.0
452 135 5.0
452 1301 5.0
470 87 5.0
470 1050 5.0
470 1557 5.0
470 960 5.0
470 1549 4.0
477 114 5.0
477 980 5.0
477 832 5.0
477 1512 4.0
477 1211 5.0
477 1358 5.0
477 1238 5.0
477 987 4.0
477 89 4.0
477 466 4.0
477 1130 5.0
478 90 5.0
478 1285 5.0
478 625 4.0
478 877 3.0
478 616 5.0
486 229 5.0
486 1354 5.0
486 1030 5.0
486 1272 3.0
486 1469 4.0
486 93 4.0
486 1609 5.0
486 257 4.0
486 1610 3.0
486 270 4.0
486 173 5.0
486 683 4.0
486 1774 2.0
486 1033 5.0
486 1232 5.0
486 1032 5.0
486 632 5.0
486 1159 5.0
486 139 5.0
486 1052 4.0
486 306 5.0
486 285 4.0
486 1472 3.0
486 1056 3.0
486 1436 4.0
486 269 4.0
488 167 4.0
488 274 5.0
488 1467 5.0
488 1421 5.0
488 93 5.0
488 240 5.0
488 963 5.0
488 530 4.0
489 93 5.0
489 1420 4.0
489 1358 5.0
489 942 1.0
489 1057 1.0
491 542 5.0
491 267 4.0
491 137 5.0
491 94 5.0
491 337 4.0
491 1052 5.0
495 1072 4.0
495 95 4.0
495 1524 5.0
495 570 5.0
495 660 5.0
495 737 3.0
495 596 3.0
499 1627 5.0
499 1677 5.0
499 96 5.0
499 1181 5.0
499 679 5.0
501 97 2.0
501 1301 5.0
501 1367 4.0
501 1222 2.0
501 1141 2.0
501 1365 3.0
530 951 5.0
530 246 5.0
530 103 3.0
530 1434 5.0
530 476 5.0
531 1549 5.0
531 104 5.0
531 1570 5.0
531 1766 5.0
531 1321 5.0
534 1044 3.0
534 1342 3.0
534 1351 3.0
534 273 5.0
534 104 3.0
534 937 5.0
534 1455 5.0
541 958 5.0
541 1766 3.0
541 1015 5.0
541 273 2.0
541 107 5.0
541 759 5.0
541 306 5.0
541 985 5.0
541 980 3.0
549 1467 5.0
549 109 4.0
549 1621 4.0
549 1514 5.0
549 1717 5.0
549 803 4.0
555 345 5.0
555 1695 5.0
555 809 5.0
555 1766 5.0
555 111 5.0
555 1051 4.0
560 144 5.0
560 111 5.0
560 840 5.0
560 1187 3.0
560 477 5.0
566 1041 3.0
566 424 5.0
566 744 5.0
566 113 2.0
566 423 5.0
566 761 5.0
566 1491 5.0
566 1164 5.0
573 114 4.0
573 382 4.0
573 343 5.0
573 328 4.0
573 834 5.0
574 1740 5.0
574 114 5.0
574 1748 5.0
574 819 4.0
574 878 5.0
574 150 5.0
600 980 5.0
600 1304 5.0
600 1770 4.0
600 122 5.0
600 124 5.0
600 1747 3.0
600 120 4.0
600 266 5.0
600 270 5.0
600 264 5.0
600 119 5.0
600 131 4.0
600 224 5.0
600 712 5.0
600 299 5.0
600 1339 3.0
600 255 5.0
600 137 5.0
600 985 5.0
600 1791 4.0
600 274 4.0
600 1012 5.0
600 273 5.0
600 230 5.0
600 118 5.0
600 1512 5.0
600 1827 5.0
600 132 5.0
600 1272 5.0
600 1663 5.0
600 981 5.0
600 1536 5.0
611 141 5.0
611 120 5.0
611 232 5.0
611 379 2.0
611 1741 5.0
611 267 4.0
611 119 5.0
611 200 5.0
611 727 5.0
611 1742 5.0
617 123 5.0
617 163 4.0
617 1264 5.0
617 1536 4.0
617 121 5.0
617 119 5.0
617 681 5.0
617 149 5.0
619 167 5.0
619 1031 5.0
619 266 5.0
619 120 5.0
619 295 5.0
619 760 5.0
619 1574 5.0
619 1030 3.0
622 1141 5.0
622 149 4.0
622 1016 5.0
622 120 4.0
622 382 4.0
622 336 5.0
622 338 4.0
630 477 5.0
630 122 5.0
630 683 5.0
630 1370 5.0
630 814 4.0
631 542 5.0
631 603 5.0
631 122 3.0
631 1658 4.0
631 1044 5.0
631 1159 5.0
632 271 5.0
632 1159 3.0
632 918 4.0
632 232 5.0
632 267 5.0
632 985 3.0
632 273 5.0
632 122 3.0
632 470 5.0
632 1825 5.0
651 981 5.0
651 1342 5.0
651 1364 5.0
651 124 4.0
651 275 4.0
663 277 5.0
663 587 5.0
663 1547 5.0
663 696 5.0
663 1358 5.0
663 128 5.0
666 128 5.0
666 273 2.0
666 1228 5.0
666 467 5.0
666 1358 5.0
671 1285 5.0
671 961 5.0
671 129 5.0
671 1012 5.0
671 161 5.0
671 250 5.0
676 1031 1.0
676 1276 1.0
676 270 5.0
676 1342 5.0
676 1467 5.0
676 232 4.0
676 131 1.0
679 1574 5.0
679 167 5.0
679 134 4.0
679 133 5.0
679 131 4.0
685 558 4.0
685 405 5.0
685 1345 4.0
685 899 5.0
685 1236 4.0
685 1718 4.0
685 131 4.0
685 552 4.0
685 497 5.0
685 179 5.0
691 1728 5.0
691 1747 5.0
691 1269 4.0
691 503 5.0
691 574 5.0
691 1020 5.0
691 1270 4.0
691 274 5.0
691 812 5.0
691 131 5.0
691 1727 5.0
698 947 5.0
698 475 3.0
698 1200 5.0
698 134 3.0
698 1012 5.0
700 237 5.0
700 224 5.0
700 814 5.0
700 134 4.0
700 1519 5.0
700 322 5.0
700 1616 5.0
700 270 2.0
701 648 5.0
701 1727 5.0
701 134 5.0
701 1080 5.0
701 1470 4.0
704 984 5.0
704 759 5.0
704 1385 5.0
704 980 2.0
704 700 5.0
704 134 5.0
705 134 4.0
705 1469 3.0
705 290 5.0
705 265 5.0
705 1467 3.0
705 274 5.0
709 1721 5.0
709 1300 4.0
709 787 5.0
709 139 5.0
709 135 5.0
709 1032 4.0
718 1726 2.0
718 859 5.0
718 1317 3.0
718 503 5.0
718 137 4.0
718 275 5.0
718 1724 5.0
718 982 4.0
718 1159 4.0
718 278 5.0
718 830 5.0
720 1660 2.0
720 1239 3.0
720 138 5.0
720 1684 3.0
720 1365 5.0
720 325 5.0
720 1698 3.0
741 823 5.0
741 144 5.0
741 494 5.0
741 888 5.0
741 1487 5.0
741 1514 5.0
745 1435 5.0
745 1367 5.0
745 1758 4.0
745 755 2.0
745 145 1.0
745 1288 5.0
745 382 4.0
745 1755 4.0
745 681 3.0
745 891 3.0
754 145 3.0
754 937 5.0
754 1166 5.0
754 1612 5.0
754 1167 4.0
755 1778 5.0
755 146 5.0
755 1326 5.0
755 1487 4.0
755 1448 4.0
755 1452 5.0
765 1497 5.0
765 154 5.0
765 1577 5.0
765 1596 4.0
765 152 5.0
765 151 5.0
766 1551 5.0
766 1251 4.0
766 247 4.0
766 152 4.0
766 151 4.0
766 428 5.0
766 1172 5.0
766 1523 2.0
766 700 5.0
767 1649 5.0
767 1249 5.0
767 891 5.0
767 1645 5.0
767 1091 4.0
767 578 5.0
767 1282 5.0
767 1194 5.0
767 1767 5.0
767 1640 5.0
767 151 5.0
767 406 5.0
767 1102 4.0
767 692 5.0
767 1600 5.0
767 1217 5.0
767 1643 5.0
773 1253 3.0
773 398 3.0
773 723 5.0
773 395 5.0
773 656 3.0
773 1617 5.0
773 155 1.0
775 156 5.0
775 893 5.0
775 159 5.0
775 933 5.0
775 734 5.0
775 158 5.0
778 157 5.0
778 1296 5.0
778 159 5.0
778 1484 5.0
778 1542 5.0
781 1297 4.0
781 254 5.0
781 635 5.0
781 1089 5.0
781 803 5.0
781 1230 5.0
781 159 5.0
781 934 4.0
781 158 5.0
781 888 5.0
785 465 5.0
785 311 5.0
785 160 5.0
785 583 5.0
785 893 5.0
791 267 4.0
791 163 5.0
791 232 1.0
791 273 3.0
791 519 1.0
798 1235 5.0
798 1651 5.0
798 797 5.0
798 1740 5.0
798 245 5.0
798 658 5.0
798 876 5.0
798 927 5.0
798 165 5.0
800 1319 1.0
800 1435 3.0
800 166 4.0
800 238 2.0
800 1210 5.0
804 679 5.0
804 1141 4.0
804 201 5.0
804 1368 5.0
804 1420 3.0
804 1731 5.0
804 1332 5.0
804 1467 4.0
804 192 5.0
804 167 4.0
804 993 5.0
813 1653 5.0
813 1246 5.0
813 1626 5.0
813 1042 5.0
813 168 5.0
813 1024 5.0
813 960 5.0
813 1381 5.0
813 647 5.0
813 1234 5.0
821 1240 1.0
821 1277 5.0
821 755 4.0
821 278 1.0
821 170 3.0
843 406 2.0
843 175 3.0
843 535 4.0
843 1593 5.0
843 1694 4.0
843 1542 5.0
843 1320 5.0
848 1506 5.0
848 951 5.0
848 505 4.0
848 707 5.0
848 959 5.0
848 1361 5.0
848 982 5.0
848 687 3.0
848 1339 5.0
848 795 5.0
848 177 5.0
865 255 5.0
865 1325 5.0
865 207 5.0
865 177 5.0
865 695 5.0
868 177 5.0
868 1326 5.0
868 864 5.0
868 1581 5.0
868 1000 5.0
881 184 5.0
881 1035 5.0
881 179 5.0
881 1231 5.0
881 567 5.0
881 256 5.0
881 735 5.0
885 1231 5.0
885 179 5.0
885 382 2.0
885 192 5.0
885 1043 1.0
896 706 5.0
896 477 5.0
896 659 5.0
896 1707 5.0
896 1574 1.0
896 556 3.0
896 1751 1.0
896 184 4.0
896 183 3.0
896 1446 5.0
896 863 1.0
896 1012 5.0
896 392 4.0
902 1099 2.0
902 1117 4.0
902 183 4.0
902 823 5.0
902 1674 4.0
902 1293 4.0
905 868 5.0
905 1617 5.0
905 1196 5.0
905 1197 5.0
905 184 5.0
914 559 1.0
914 920 5.0
914 1134 5.0
914 579 5.0
914 221 3.0
914 645 3.0
914 1089 5.0
914 305 5.0
914 184 5.0
914 1231 5.0
931 1089 5.0
931 1622 5.0
931 785 4.0
931 186 4.0
931 1707 5.0
934 392 5.0
934 1391 4.0
934 305 5.0
934 1696 5.0
934 1292 5.0
934 186 4.0
934 1089 5.0
934 384 5.0
948 187 5.0
948 1089 5.0
948 579 5.0
948 1229 5.0
948 914 5.0
948 1216 3.0
948 656 5.0
948 469 5.0
952 656 4.0
952 189 5.0
952 555 5.0
952 1636 5.0
952 243 3.0
953 454 5.0
953 1231 5.0
953 189 3.0
953 394 5.0
953 554 5.0
953 905 5.0
960 655 5.0
960 192 2.0
960 547 5.0
960 824 5.0
960 1344 5.0
975 863 5.0
975 1119 5.0
975 882 5.0
975 193 5.0
975 939 3.0
975 305 5.0
978 1191 3.0
978 963 2.0
978 394 4.0
978 1122 2.0
978 194 5.0
980 645 5.0
980 194 5.0
980 882 5.0
980 293 5.0
980 402 5.0
980 1229 4.0
980 1230 4.0
1002 1231 5.0
1002 203 5.0
1002 1113 5.0
1002 1114 5.0
1002 1196 5.0
1002 1617 5.0
1007 1696 5.0
1007 552 5.0
1007 305 5.0
1007 204 5.0
1007 400 5.0
1010 1076 5.0
1010 400 5.0
1010 553 5.0
1010 206 5.0
1010 1231 5.0
1010 1134 5.0
1013 206 3.0
1013 882 4.0
1013 1230 3.0
1013 1221 5.0
1013 1389 3.0
1013 1293 3.0
1013 305 4.0
1013 1197 5.0
1013 1207 5.0
1017 207 5.0
1017 1645 5.0
1017 1652 5.0
1017 710 5.0
1017 1303 5.0
1017 701 5.0
1017 1089 5.0
1017 811 5.0
1017 1229 4.0
1017 927 5.0
1017 1574 5.0
1017 1688 5.0
1021 939 5.0
1021 1116 3.0
1021 1134 4.0
1021 209 3.0
1021 557 5.0
1021 709 2.0
1021 395 5.0
1021 233 4.0
1022 1198 5.0
1022 1705 1.0
1022 451 5.0
1022 209 5.0
1022 447 5.0
1022 258 5.0
1022 1293 5.0
1022 402 5.0
1023 1116 2.0
1023 400 5.0
1023 558 5.0
1023 1197 2.0
1023 656 2.0
1023 209 3.0
1023 1427 3.0
1025 1526 5.0
1025 270 5.0
1025 684 5.0
1025 211 5.0
1025 1500 5.0
1025 1574 5.0
1025 370 4.0
1027 679 5.0
1027 1542 5.0
1027 594 4.0
1027 213 5.0
1027 310 5.0
1037 267 5.0
1037 261 5.0
1037 449 5.0
1037 216 5.0
1037 270 2.0
1042 731 5.0
1042 217 5.0
1042 1791 5.0
1042 1369 5.0
1042 721 5.0
1042 1365 5.0
1042 1145 4.0
1042 1579 5.0
1042 407 5.0
1059 890 5.0
1059 980 5.0
1059 224 4.0
1059 985 5.0
1059 959 5.0
1066 479 4.0
1066 323 4.0
1066 228 1.0
1066 1526 5.0
1066 849 5.0
1067 1435 4.0
1067 228 5.0
1067 1439 5.0
1067 1622 5.0
1067 762 5.0
1067 295 5.0
1067 255 5.0
1067 1031 5.0
1067 270 1.0
1067 269 5.0
1067 452 5.0
1073 273 4.0
1073 232 5.0
1073 980 4.0
1073 322 5.0
1073 1031 5.0
1073 267 5.0
1073 1080 5.0
1073 987 4.0
1074 1558 4.0
1074 1173 4.0
1074 1688 4.0
1074 1557 5.0
1074 1054 3.0
1074 1484 5.0
1074 232 1.0
1075 487 4.0
1075 232 5.0
1075 1691 5.0
1075 1814 2.0
1075 466 5.0
1079 598 5.0
1079 408 1.0
1079 232 3.0
1079 518 5.0
1079 1505 1.0
1083 556 3.0
1083 243 5.0
1083 880 5.0
1083 1191 4.0
1083 233 4.0
1083 960 5.0
1088 579 5.0
1088 1090 5.0
1088 1557 4.0
1088 1089 5.0
1088 235 3.0
1088 1556 5.0
1092 237 5.0
1092 1668 2.0
1092 1435 5.0
1092 1190 3.0
1092 812 2.0
1103 240 5.0
1103 1622 5.0
1103 1736 5.0
1103 1631 4.0
1103 1335 4.0
1107 1647 2.0
1107 1012 2.0
1107 341 5.0
1107 240 5.0
1107 953 5.0
1109 341 5.0
1109 240 4.0
1109 1435 5.0
1109 943 4.0
1109 1656 2.0
1109 1436 4.0
1118 747 3.0
1118 297 4.0
1118 282 5.0
1118 240 4.0
1118 546 4.0
1119 273 2.0
1119 1143 4.0
1119 800 3.0
1119 241 2.0
1119 500 4.0
1119 612 3.0
1120 271 4.0
1120 241 4.0
1120 1545 5.0
1120 887 5.0
1120 1611 5.0
1120 466 5.0
1122 1109 5.0
1122 402 5.0
1122 959 5.0
1122 1416 5.0
1122 1090 5.0
1122 242 5.0
1125 780 5.0
1125 658 5.0
1125 1557 5.0
1125 245 5.0
1125 1790 5.0
1125 699 5.0
1125 1431 5.0
1128 245 5.0
1128 342 5.0
1128 1574 1.0
1128 1013 5.0
1128 1046 5.0
1133 246 5.0
1133 779 5.0
1133 1012 5.0
1133 304 5.0
1133 1431 5.0
1133 278 5.0
1133 830 5.0
1133 255 5.0
1144 932 3.0
1144 1297 3.0
1144 681 2.0
1144 795 4.0
1144 254 4.0
1147 1052 4.0
1147 1228 4.0
1147 946 5.0
1147 691 3.0
1147 255 2.0
1154 819 3.0
1154 257 4.0
1154 767 3.0
1154 739 4.0
1154 681 4.0
1154 579 2.0
1154 307 2.0
1161 875 3.0
1161 1686 3.0
1161 258 3.0
1161 866 4.0
1161 1501 4.0
1178 325 5.0
1178 274 5.0
1178 265 5.0
1178 270 4.0
1178 1031 5.0
1180 267 5.0
1180 1380 5.0
1180 266 5.0
1180 700 5.0
1180 942 5.0
1180 270 5.0
1180 980 4.0
1184 273 4.0
1184 267 5.0
1184 1518 4.0
1184 679 5.0
1184 980 4.0
1193 759 5.0
1193 1341 4.0
1193 267 5.0
1193 1721 3.0
1193 980 4.0
1198 845 5.0
1198 759 4.0
1198 760 4.0
1198 980 5.0
1198 271 4.0
1198 814 4.0
1198 274 4.0
1202 620 5.0
1202 271 3.0
1202 925 4.0
1202 273 5.0
1202 801 4.0
1205 272 4.0
1205 344 5.0
1205 658 5.0
1205 476 5.0
1205 1759 4.0
1206 1219 5.0
1206 824 4.0
1206 367 5.0
1206 1404 5.0
1206 272 5.0
1207 1139 5.0
1207 346 5.0
1207 1395 5.0
1207 1743 5.0
1207 760 5.0
1207 1193 1.0
1207 612 5.0
1207 273 5.0
1207 1444 5.0
1207 1607 1.0
1208 273 5.0
1208 1776 5.0
1208 1536 4.0
1208 1067 4.0
1208 1780 4.0
1208 1300 5.0
1208 700 5.0
1210 273 5.0
1210 794 5.0
1210 792 5.0
1210 1588 5.0
1210 1217 5.0
1211 274 5.0
1211 1470 5.0
1211 1092 5.0
1211 1305 5.0
1211 760 5.0
1211 1663 3.0
1211 1467 5.0
1211 273 2.0
1212 273 4.0
1212 814 5.0
1212 973 5.0
1212 700 4.0
1212 559 3.0
1212 555 5.0
1213 1044 4.0
1213 1727 5.0
1213 1721 2.0
1213 921 5.0
1213 1708 3.0
1213 273 2.0
1214 1298 5.0
1214 568 5.0
1214 1393 5.0
1214 273 5.0
1214 745 3.0
1215 980 5.0
1215 844 3.0
1215 273 4.0
1215 985 5.0
1215 1044 4.0
1219 700 5.0
1219 273 4.0
1219 913 5.0
1219 980 5.0
1219 1529 4.0
1219 759 5.0
1222 1158 4.0
1222 1610 3.0
1222 274 4.0
1222 339 5.0
1222 275 4.0
1230 1137 2.0
1230 759 2.0
1230 275 5.0
1230 1289 5.0
1230 1143 5.0
1230 985 3.0
1232 717 2.0
1232 277 5.0
1232 658 5.0
1232 311 5.0
1232 320 5.0
1232 331 5.0
1232 945 4.0
1235 876 5.0
1235 1651 5.0
1235 1656 5.0
1235 278 3.0
1235 913 4.0
1235 499 5.0
1235 457 5.0
1237 832 5.0
1237 1265 3.0
1237 279 5.0
1237 866 5.0
1237 1271 3.0
1237 1686 3.0
1246 1285 5.0
1246 284 5.0
1246 1670 5.0
1246 816 5.0
1246 1657 5.0
1247 296 3.0
1247 816 5.0
1247 284 5.0
1247 720 5.0
1247 415 2.0
1262 294 4.0
1262 1301 5.0
1262 572 4.0
1262 1521 3.0
1262 1075 5.0
1262 1639 4.0
1287 1519 5.0
1287 882 4.0
1287 305 3.0
1287 1433 5.0
1287 709 5.0
1289 305 5.0
1289 1201 4.0
1289 783 4.0
1289 1134 5.0
1289 470 5.0
1289 400 5.0
1289 798 4.0
1289 1411 5.0
1289 1791 4.0
1289 782 4.0
1289 401 5.0
1299 305 5.0
1299 1634 5.0
1299 550 5.0
1299 695 5.0
1299 1661 1.0
1299 1764 2.0
1299 1089 5.0
1299 1675 1.0
1299 1717 5.0
1299 1574 5.0
1300 400 5.0
1300 882 3.0
1300 564 5.0
1300 305 5.0
1300 391 5.0
1300 1291 5.0
1301 1637 5.0
1301 1775 4.0
1301 305 4.0
1301 1767 4.0
1301 358 5.0
1301 477 5.0
1302 1110 4.0
1302 1556 5.0
1302 397 3.0
1302 1231 5.0
1302 349 4.0
1302 305 4.0
1317 517 5.0
1317 370 5.0
1317 1380 4.0
1317 1288 4.0
1317 312 1.0
1317 580 4.0
1326 1250 3.0
1326 467 5.0
1326 317 5.0
1326 1129 4.0
1326 1407 5.0
1335 1448 5.0
1335 493 5.0
1335 848 5.0
1335 323 4.0
1335 968 5.0
1360 1437 5.0
1360 356 5.0
1360 963 5.0
1360 337 5.0
1360 1295 3.0
1363 600 5.0
1363 405 5.0
1363 1564 5.0
1363 338 5.0
1363 787 5.0
1363 887 5.0
1363 406 5.0
1363 360 5.0
1379 484 5.0
1379 1361 5.0
1379 536 5.0
1379 594 5.0
1379 738 1.0
1379 347 5.0
1379 1498 5.0
1385 1062 5.0
1385 979 4.0
1385 1230 5.0
1385 394 3.0
1385 351 5.0
1385 1245 2.0
1393 512 5.0
1393 1126 5.0
1393 797 5.0
1393 355 5.0
1393 674 5.0
1407 1435 3.0
1407 786 3.0
1407 1639 4.0
1407 442 4.0
1407 365 4.0
1408 578 5.0
1408 367 5.0
1408 443 5.0
1408 1421 5.0
1408 1211 1.0
1410 1203 1.0
1410 1830 3.0
1410 372 5.0
1410 1524 5.0
1410 378 1.0
1413 832 3.0
1413 1574 2.0
1413 1285 3.0
1413 372 3.0
1413 1606 4.0
1427 687 5.0
1427 695 5.0
1427 378 1.0
1427 1200 4.0
1427 1464 4.0
1436 379 5.0
1436 1779 4.0
1436 1379 5.0
1436 1791 4.0
1436 1127 4.0
1450 383 5.0
1450 1291 4.0
1450 1197 5.0
1450 1198 5.0
1450 1244 5.0
1450 1323 5.0
1450 1322 5.0
1450 1630 5.0
1450 690 4.0
1450 478 5.0
1450 840 4.0
1461 801 5.0
1461 739 5.0
1461 900 5.0
1461 391 1.0
1461 566 5.0
1461 562 5.0
1464 1111 3.0
1464 579 4.0
1464 1012 3.0
1464 392 4.0
1464 1230 5.0
1464 883 1.0
1464 900 2.0
1464 1291 3.0
1464 899 3.0
1464 1574 5.0
1475 783 5.0
1475 477 5.0
1475 782 5.0
1475 1389 1.0
1475 398 5.0
1475 400 5.0
1475 1134 5.0
1487 406 5.0
1487 1159 5.0
1487 1656 5.0
1487 1669 3.0
1487 1760 5.0
1492 831 3.0
1492 1791 5.0
1492 891 5.0
1492 1820 5.0
1492 406 5.0
1492 653 5.0
1492 1369 4.0
1492 1365 4.0
1492 1222 4.0
1492 954 5.0
1499 958 5.0
1499 529 5.0
1499 710 4.0
1499 606 4.0
1499 411 4.0
1518 430 5.0
1518 1382 4.0
1518 928 5.0
1518 429 5.0
1518 895 5.0
1520 430 5.0
1520 500 5.0
1520 1690 5.0
1520 1638 5.0
1520 1640 5.0
1530 1528 4.0
1530 441 5.0
1530 1781 5.0
1530 467 5.0
1530 1018 5.0
1535 1005 5.0
1535 565 5.0
1535 449 5.0
1535 716 3.0
1535 1437 3.0
1536 681 5.0
1536 1009 5.0
1536 700 5.0
1536 450 5.0
1536 1179 5.0
1545 478 5.0
1545 632 5.0
1545 705 5.0
1545 684 5.0
1545 461 5.0
1548 537 5.0
1548 944 3.0
1548 1356 5.0
1548 1152 3.0
1548 489 5.0
1548 1572 4.0
1548 465 5.0
1554 1462 5.0
1554 944 5.0
1554 474 5.0
1554 614 5.0
1554 1402 5.0
1558 1475 5.0
1558 820 5.0
1558 475 5.0
1558 1146 5.0
1558 1095 5.0
1559 1112 1.0
1559 1692 5.0
1559 1172 4.0
1559 1688 3.0
1559 786 1.0
1559 477 2.0
1559 1095 1.0
1572 1014 4.0
1572 602 5.0
1572 477 4.0
1572 1798 4.0
1572 1409 3.0
1589 605 5.0
1589 1764 5.0
1589 479 5.0
1589 717 5.0
1589 992 5.0
1591 1493 4.0
1591 480 5.0
1591 688 5.0
1591 934 5.0
1591 1262 5.0
1591 967 5.0
1591 635 5.0
1591 583 5.0
1598 660 4.0
1598 489 5.0
1598 769 4.0
1598 1027 5.0
1598 836 5.0
1598 1356 5.0
1600 925 5.0
1600 1768 5.0
1600 732 5.0
1600 490 5.0
1600 894 5.0
1600 745 5.0
1601 491 5.0
1601 1501 4.0
1601 1791 3.0
1601 1386 4.0
1601 1756 4.0
1601 1816 3.0
1602 1496 5.0
1602 491 5.0
1602 500 5.0
1602 569 4.0
1602 1180 5.0
1606 847 5.0
1606 493 5.0
1606 1405 5.0
1606 1238 4.0
1606 1783 5.0
1616 1522 4.0
1616 502 5.0
1616 535 5.0
1616 538 5.0
1616 630 5.0
1621 1480 5.0
1621 514 5.0
1621 1202 5.0
1621 889 4.0
1621 1445 5.0
1621 517 5.0
1635 1296 5.0
1635 925 5.0
1635 641 4.0
1635 1647 5.0
1635 526 4.0
1659 1513 5.0
1659 1370 5.0
1659 546 5.0
1659 648 5.0
1659 755 5.0
1661 1039 5.0
1661 548 5.0
1661 1196 5.0
1661 863 5.0
1661 1329 5.0
1661 997 5.0
1672 1542 4.0
1672 1593 4.0
1672 571 5.0
1672 865 4.0
1672 1272 4.0
1696 598 4.0
1696 1431 4.0
1696 1688 5.0
1696 1557 4.0
1696 1619 5.0
1698 1185 5.0
1698 600 5.0
1698 956 5.0
1698 1150 5.0
1698 1336 5.0
1699 600 5.0
1699 702 5.0
1699 1517 5.0
1699 1126 5.0
1699 1046 5.0
1699 1025 5.0
1699 755 1.0
1701 601 2.0
1701 1805 5.0
1701 1590 4.0
1701 1066 4.0
1701 1311 5.0
1710 1451 4.0
1710 1429 3.0
1710 1759 1.0
1710 607 4.0
1710 1622 3.0
1710 1663 5.0
1710 1169 3.0
1716 1326 5.0
1716 970 3.0
1716 745 4.0
1716 610 5.0
1716 855 5.0
1721 1595 1.0
1721 1408 5.0
1721 614 5.0
1721 1806 1.0
1721 799 3.0
1721 964 2.0
1737 1542 5.0
1737 1768 5.0
1737 1644 2.0
1737 932 5.0
1737 635 5.0
1737 934 5.0
1741 1070 5.0
1741 981 3.0
1741 693 5.0
1741 638 1.0
1741 1252 5.0
1743 1155 5.0
1743 647 5.0
1743 1433 4.0
1743 1297 5.0
1743 932 5.0
1747 1012 5.0
1747 866 4.0
1747 873 2.0
1747 1686 4.0
1747 1465 5.0
1747 651 5.0
1747 1700 4.0
1747 1388 5.0
1747 1387 5.0
1749 658 5.0
1749 1688 5.0
1749 951 5.0
1749 1702 5.0
1749 985 5.0
1754 1780 5.0
1754 1776 5.0
1754 1061 5.0
1754 1359 5.0
1754 1077 5.0
1754 1067 5.0
1754 1343 5.0
1754 1351 4.0
1754 1078 5.0
1754 1781 5.0
1754 1169 5.0
1754 666 5.0
1757 1704 1.0
1757 1768 3.0
1757 674 5.0
1757 1702 4.0
1757 1043 4.0
1760 910 4.0
1760 1636 3.0
1760 1453 1.0
1760 1779 5.0
1760 676 3.0
1763 680 5.0
1763 848 5.0
1763 1590 5.0
1763 1575 5.0
1763 1063 5.0
1772 1619 5.0
1772 690 4.0
1772 1145 4.0
1772 1201 4.0
1772 1707 5.0
1790 709 5.0
1790 1617 4.0
1790 899 4.0
1790 1409 3.0
1790 1671 5.0
1790 1118 5.0
1790 1493 5.0
1792 1542 5.0
1792 715 5.0
1792 1380 5.0
1792 1668 5.0
1792 1593 5.0
1799 848 3.0
1799 968 5.0
1799 734 3.0
1799 925 4.0
1799 1678 3.0
1799 1452 5.0
1800 742 5.0
1800 749 5.0
1800 1050 5.0
1800 921 1.0
1800 1222 2.0
1804 1589 4.0
1804 1683 5.0
1804 745 5.0
1804 1437 4.0
1804 934 4.0
1809 748 5.0
1809 1311 4.0
1809 1275 5.0
1809 1001 5.0
1809 1797 5.0
1812 1791 4.0
1812 1727 3.0
1812 1163 5.0
1812 1463 4.0
1812 1261 1.0
1812 751 4.0
1823 1182 5.0
1823 1055 5.0
1823 763 5.0
1823 848 4.0
1823 1482 5.0
1837 1125 1.0
1837 1772 1.0
1837 1693 5.0
1837 1044 5.0
1837 1796 3.0
1837 1058 5.0
1837 774 3.0
1840 1134 4.0
1840 1617 5.0
1840 1330 2.0
1840 1141 4.0
1840 1231 5.0
1840 1198 4.0
1840 782 4.0
1845 1778 4.0
1845 856 4.0
1845 931 3.0
1845 930 4.0
1845 801 4.0
1853 1027 2.0
1853 829 5.0
1853 1551 3.0
1853 808 5.0
1853 1434 5.0
1853 1770 2.0
1854 1538 5.0
1854 813 5.0
1854 1460 5.0
1854 1557 5.0
1854 893 5.0
1875 1066 4.0
1875 855 3.0
1875 1410 3.0
1875 968 5.0
1875 847 5.0
1876 855 5.0
1876 1410 4.0
1876 847 4.0
1876 1287 5.0
1876 1405 3.0
1876 917 4.0
1876 970 4.0
1880 1326 4.0
1880 1254 5.0
1880 976 5.0
1880 1542 5.0
1880 1340 5.0
1880 848 5.0
1880 1520 3.0
1882 855 5.0
1882 1452 5.0
1882 1590 3.0
1882 916 5.0
1882 1392 5.0
1882 848 5.0
1888 1817 5.0
1888 866 4.0
1888 1565 5.0
1888 850 3.0
1888 1686 5.0
1888 1563 5.0
1889 1258 3.0
1889 1816 5.0
1889 1791 5.0
1889 1366 2.0
1889 850 3.0
1889 1094 4.0
1898 1410 4.0
1898 1790 5.0
1898 974 5.0
1898 1393 5.0
1898 1764 5.0
1898 970 5.0
1898 856 5.0
1898 1683 5.0
1898 1522 5.0
1906 1501 3.0
1906 1549 5.0
1906 1758 5.0
1906 1686 4.0
1906 1705 4.0
1906 1274 4.0
1906 1564 3.0
1906 866 2.0
1908 1700 4.0
1908 1503 5.0
1908 1787 4.0
1908 1811 4.0
1908 1786 4.0
1908 866 3.0
1908 1686 4.0
1908 1020 3.0
1908 1656 4.0
1908 1094 2.0
1910 1755 3.0
1910 1501 3.0
1910 1267 3.0
1910 1758 5.0
1910 1757 4.0
1910 866 3.0
1910 1820 5.0
1917 1686 2.0
1917 1612 5.0
1917 1684 3.0
1917 1012 5.0
1917 866 3.0
1925 1686 4.0
1925 1757 4.0
1925 1567 4.0
1925 866 3.0
1925 1141 5.0
1925 1572 4.0
1925 1827 5.0
1931 873 5.0
1931 1821 4.0
1931 1686 4.0
1931 1827 5.0
1931 1656 4.0
1933 954 3.0
1933 1828 5.0
1933 1387 5.0
1933 1820 5.0
1933 873 5.0
1933 1686 4.0
1933 1826 5.0
1937 876 2.0
1937 1058 5.0
1937 1362 4.0
1937 1691 5.0
1937 1077 5.0
1937 1417 3.0
1941 1678 5.0
1941 1194 2.0
1941 1620 3.0
1941 1011 2.0
1941 891 5.0
1941 1605 4.0
1944 933 4.0
1944 1504 5.0
1944 906 4.0
1944 1711 5.0
1944 1734 5.0
1944 1590 4.0
1944 916 5.0
1950 1063 4.0
1950 1392 5.0
1950 1575 4.0
1950 1661 5.0
1950 1634 5.0
1950 1706 4.0
1950 1064 4.0
1950 917 5.0
1951 1064 5.0
1951 1575 5.0
1951 967 5.0
1951 917 5.0
1951 1392 4.0
1951 1401 5.0
1962 1365 5.0
1962 954 5.0
1962 1701 4.0
1962 1758 5.0
1962 1735 4.0
1975 1675 5.0
1975 1662 5.0
1975 1655 3.0
1975 1631 5.0
1975 1011 5.0
1983 1037 4.0
1983 1494 5.0
1983 1297 5.0
1983 1428 3.0
1983 1498 5.0
1986 1050 5.0
1986 1631 4.0
1986 1460 4.0
1986 1779 4.0
1986 1671 5.0
1987 1075 5.0
1987 1363 5.0
1987 1065 5.0
1987 1068 5.0
1987 1060 5.0
1987 1169 5.0
1987 1067 5.0
1987 1350 5.0
1987 1342 5.0
1987 1182 5.0
1987 1098 5.0
1987 1057 5.0
1987 1077 5.0
1987 1170 5.0
1990 1750 3.0
1990 1065 5.0
1990 1691 4.0
1990 1141 2.0
1990 1363 4.0
1990 1058 5.0
1990 1344 3.0
1990 1352 5.0
1990 1398 4.0
1996 1344 1.0
1996 1067 5.0
1996 1068 5.0
1996 1362 5.0
1996 1061 5.0
1996 1397 5.0
2005 1333 5.0
2005 1141 5.0
2005 1586 5.0
2005 1124 5.0
2005 1623 5.0
2005 1668 5.0
2011 1509 3.0
2011 1731 4.0
2011 1334 4.0
2011 1179 5.0
2011 1141 4.0
2013 1826 2.0
2013 1684 5.0
2013 1367 3.0
2013 1752 5.0
2013 1141 5.0
2013 1501 4.0
2013 1369 3.0
2013 1725 4.0
2028 1617 5.0
2028 1329 4.0
2028 1230 5.0
2028 1198 5.0
2028 1197 5.0
2035 1261 3.0
2035 1656 4.0
2035 1682 4.0
2035 1727 5.0
2035 1770 4.0
2044 1360 2.0
2044 1668 5.0
2044 1465 4.0
2044 1429 1.0
2044 1607 2.0
2060 1557 5.0
2060 1619 5.0
2060 1623 5.0
2060 1668 2.0
2060 1736 5.0
2061 1563 5.0
2061 1791 1.0
2061 1787 4.0
2061 1747 4.0
2061 1752 5.0
2061 1572 5.0
2061 1567 5.0
2066 1727 4.0
2066 1807 2.0
2066 1725 5.0
2066 1629 4.0
2066 1701 5.0
2066 1791 2.0
2070 216 5.0
2070 667 5.0
2070 1789 4.0
2070 965 5.0
2070 53 4.0
2070 1120 4.0
2070 537 4.0
2076 1748 5.0
2076 1464 5.0
2076 134 5.0
2076 481 5.0
2076 736 5.0
2076 1082 5.0
2076 1477 4.0
2113 360 4.0
2113 16 4.0
2113 633 5.0
2113 1373 4.0
2113 1000 5.0
2113 1272 4.0
2113 292 5.0
2117 77 5.0
2117 1641 4.0
2117 1428 5.0
2117 1222 4.0
2117 136 4.0
2117 729 3.0
2117 1612 5.0
2121 1379 4.0
2121 119 4.0
2121 1714 5.0
2121 1082 5.0
2121 230 5.0
2121 1485 5.0
2121 1065 5.0
2128 1568 3.0
2128 1128 4.0
2128 978 3.0
2128 633 5.0
2128 1444 5.0
2128 407 5.0
2128 208 5.0
2139 618 4.0
2139 634 5.0
2139 1319 5.0
2139 549 4.0
2139 717 5.0
2139 1443 4.0
2139 1817 4.0
2143 902 4.0
2143 889 5.0
2143 701 3.0
2143 633 5.0
2143 80 5.0
2143 1774 3.0
2143 499 3.0
2145 965 5.0
2145 4 4.0
2145 1304 4.0
2145 1054 5.0
2145 1271 5.0
2145 1644 5.0
2145 142 2.0
2150 935 4.0
2150 10 4.0
2150 983 5.0
2150 965 5.0
2150 1008 4.0
2150 340 5.0
2150 293 5.0
2156 1623 5.0
2156 1082 5.0
2156 1010 5.0
2156 393 4.0
2156 1665 4.0
2156 688 3.0
2156 1337 3.0
2160 1468 4.0
2160 965 5.0
2160 2 5.0
2160 1657 4.0
2160 1692 4.0
2160 1160 5.0
2160 207 4.0
2166 1203 5.0
2166 1155 5.0
2166 1300 5.0
2166 237 5.0
2166 1082 5.0
2166 684 5.0
2166 362 5.0
2167 1062 5.0
2167 77 5.0
2167 698 4.0
2167 885 4.0
2167 12 5.0
2167 58 5.0
2167 1036 3.0
2170 13 5.0
2170 1696 5.0
2170 795 5.0
2170 716 4.0
2170 965 5.0
2170 1764 4.0
2170 1767 5.0
