0 785 5.0
1 1613 5.0
1 65 5.0
2 1469 5.0
2 0 4.0
3 600 5.0
3 1493 5.0
3 1484 5.0
3 109 5.0
3 160 2.0
3 1751 5.0
3 1 5.0
3 663 5.0
3 234 4.0
3 583 5.0
3 698 5.0
3 159 5.0
3 1111 5.0
3 887 5.0
3 893 4.0
3 704 5.0
3 394 2.0
3 71 5.0
4 334 5.0
4 872 5.0
5 2 3.0
6 152 5.0
7 756 5.0
8 864 4.0
9 74 4.0
10 23 5.0
10 1030 4.0
10 1365 5.0
10 1756 5.0
10 1310 5.0
10 928 5.0
10 230 5.0
10 124 5.0
10 1366 4.0
10 1166 5.0
10 1826 4.0
10 62 5.0
10 122 5.0
10 3 5.0
11 3 5.0
11 271 5.0
11 808 5.0
11 1316 5.0
11 1272 5.0
12 776 5.0
12 1311 5.0
12 1002 3.0
12 3 5.0
12 359 5.0
12 1525 3.0
12 438 4.0
13 291 5.0
13 174 3.0
13 1604 4.0
13 602 5.0
13 295 5.0
13 61 5.0
13 1290 5.0
13 486 5.0
13 186 4.0
13 1301 5.0
13 170 5.0
13 87 5.0
13 707 5.0
13 4 5.0
13 1277 5.0
13 662 5.0
13 177 5.0
13 1554 4.0
13 648 5.0
13 474 5.0
13 324 4.0
13 125 5.0
14 4 5.0
14 655 5.0
14 1619 5.0
14 1574 5.0
14 1125 5.0
15 764 5.0
15 4 5.0
15 1752 5.0
15 1756 4.0
15 1238 4.0
16 1140 2.0
17 1271 4.0
18 5 5.0
18 1059 3.0
18 95 4.0
18 519 1.0
18 636 2.0
18 238 4.0
18 277 4.0
18 1407 3.0
18 332 2.0
18 717 4.0
18 1095 5.0
18 284 5.0
18 162 4.0
18 1372 5.0
18 1677 5.0
18 911 4.0
18 1277 4.0
19 986 5.0
20 1020 4.0
20 370 5.0
20 1720 4.0
20 6 5.0
20 724 4.0
20 224 4.0
21 476 5.0
21 6 5.0
21 833 5.0
21 984 4.0
21 980 5.0
21 218 5.0
21 371 5.0
21 267 5.0
21 1133 4.0
21 971 5.0
21 382 5.0
21 1763 5.0
21 309 5.0
22 543 5.0
22 882 5.0
22 240 5.0
22 1198 5.0
22 505 5.0
22 544 5.0
22 188 5.0
22 560 3.0
22 7 5.0
22 477 5.0
22 31 5.0
22 62 5.0
23 1010 4.0
24 931 5.0
24 996 5.0
24 7 5.0
24 1297 5.0
24 493 5.0
24 159 5.0
24 494 5.0
24 601 5.0
24 893 5.0
24 1323 5.0
24 1322 5.0
24 669 5.0
24 583 5.0
25 216 5.0
25 14 2.0
25 140 5.0
25 728 3.0
25 604 5.0
25 8 4.0
25 933 2.0
25 962 5.0
26 1699 5.0
26 753 5.0
26 495 5.0
27 1243 5.0
28 547 5.0
29 260 5.0
30 1026 4.0
30 120 4.0
30 1041 4.0
30 426 4.0
30 865 4.0
30 382 4.0
30 1546 4.0
30 212 4.0
30 366 4.0
30 1606 5.0
30 759 4.0
30 9 4.0
30 1597 4.0
30 1238 5.0
30 876 5.0
30 985 4.0
30 1741 3.0
31 1082 5.0
32 367 5.0
33 258 5.0
33 1134 5.0
33 9 4.0
33 399 5.0
33 1297 5.0
33 1582 5.0
34 467 5.0
34 9 5.0
34 1370 1.0
34 298 5.0
34 1766 4.0
35 1656 2.0
35 258 4.0
35 1156 5.0
35 477 5.0
35 920 1.0
35 1652 3.0
35 10 4.0
36 421 5.0
36 1178 5.0
37 11 5.0
37 820 5.0
37 501 5.0
37 177 5.0
37 504 5.0
38 570 5.0
39 565 4.0
39 382 5.0
39 733 5.0
39 11 5.0
39 1505 5.0
39 1686 1.0
39 1289 5.0
39 1175 5.0
39 1020 1.0
39 79 5.0
39 1245 5.0
39 1816 1.0
39 573 4.0
39 361 5.0
40 11 5.0
40 287 5.0
40 215 5.0
40 684 5.0
40 444 5.0
40 754 3.0
40 1222 5.0
41 410 5.0
41 306 3.0
41 514 4.0
41 1546 5.0
41 11 5.0
41 161 5.0
41 320 5.0
41 591 5.0
41 513 4.0
41 1506 5.0
41 445 5.0
41 685 3.0
42 1559 5.0
43 831 5.0
43 11 5.0
43 765 5.0
43 648 2.0
43 660 5.0
44 447 5.0
44 579 5.0
44 1013 5.0
44 12 5.0
44 25 3.0
45 1005 5.0
45 511 5.0
45 958 5.0
45 13 5.0
45 85 4.0
45 508 3.0
46 1646 5.0
46 13 5.0
46 1675 5.0
46 85 5.0
46 1790 5.0
47 1259 5.0
48 13 5.0
48 585 5.0
48 478 4.0
48 83 5.0
48 773 4.0
49 336 5.0
49 293 5.0
49 477 5.0
49 941 4.0
49 482 5.0
49 307 4.0
49 853 4.0
49 14 5.0
49 524 5.0
49 1754 4.0
49 1138 4.0
50 1371 3.0
50 142 5.0
50 15 5.0
50 57 4.0
50 1363 5.0
51 266 3.0
51 1272 2.0
51 321 4.0
51 786 4.0
51 325 4.0
51 167 4.0
51 1030 5.0
51 15 4.0
51 1610 5.0
51 267 5.0
51 1283 4.0
51 1536 4.0
51 163 4.0
52 1488 3.0
53 769 5.0
54 1574 5.0
54 913 4.0
54 1272 5.0
54 381 5.0
54 1388 4.0
54 981 5.0
54 666 5.0
54 240 5.0
54 1026 5.0
54 81 5.0
54 15 5.0
54 712 5.0
54 527 5.0
55 1583 5.0
55 715 5.0
56 1502 5.0
56 406 5.0
56 718 4.0
56 1306 4.0
56 15 5.0
57 918 5.0
57 325 5.0
57 15 4.0
57 291 5.0
57 273 4.0
58 610 5.0
58 487 5.0
58 286 5.0
59 240 5.0
59 124 5.0
59 294 5.0
59 15 5.0
59 993 3.0
60 1566 5.0
61 1434 5.0
61 1795 4.0
61 278 4.0
61 15 5.0
61 1656 5.0
61 1792 4.0
61 1833 4.0
61 1565 4.0
61 406 5.0
61 814 5.0
61 1686 4.0
62 1470 5.0
62 759 4.0
62 1096 5.0
62 1511 5.0
62 274 5.0
62 868 5.0
62 404 4.0
62 15 3.0
62 1337 4.0
62 68 5.0
62 1157 4.0
63 1136 2.0
64 1220 4.0
65 1709 4.0
66 107 5.0
66 307 5.0
66 340 3.0
66 632 5.0
66 597 5.0
66 482 3.0
66 1258 5.0
66 16 5.0
66 1437 4.0
66 492 5.0
66 1154 5.0
66 688 5.0
66 80 5.0
66 172 3.0
66 109 5.0
66 821 4.0
67 263 5.0
68 17 5.0
68 551 5.0
68 1109 5.0
68 1134 5.0
68 392 5.0
68 782 5.0
69 184 5.0
69 17 5.0
69 1802 5.0
69 742 5.0
69 186 5.0
69 234 5.0
69 1391 5.0
69 1617 5.0
70 356 5.0
71 474 5.0
71 1231 2.0
71 17 5.0
71 1293 1.0
71 1327 5.0
71 209 2.0
72 1433 4.0
72 305 5.0
72 839 4.0
72 186 5.0
72 1198 5.0
72 17 5.0
72 1089 5.0
73 645 4.0
74 1373 5.0
75 17 5.0
75 1089 4.0
75 823 2.0
75 557 5.0
75 305 4.0
75 180 2.0
75 143 3.0
76 400 5.0
76 1465 4.0
76 219 4.0
76 705 5.0
76 564 4.0
76 695 5.0
76 305 4.0
76 843 5.0
76 1086 3.0
76 549 4.0
76 170 4.0
76 1115 5.0
76 1277 5.0
76 618 5.0
76 17 4.0
76 49 5.0
77 903 5.0
77 1198 4.0
77 17 5.0
77 1023 5.0
77 1819 5.0
77 904 4.0
77 1089 5.0
78 488 4.0
79 1631 5.0
79 1717 5.0
79 1391 4.0
79 1644 3.0
79 17 2.0
79 932 4.0
79 1433 4.0
79 240 1.0
79 1113 3.0
79 1702 3.0
79 588 4.0
79 426 5.0
79 1721 5.0
79 787 5.0
79 1714 5.0
79 184 4.0
79 1671 4.0
79 1205 4.0
79 581 2.0
79 1492 5.0
79 1162 4.0
80 779 5.0
81 392 4.0
81 305 4.0
81 193 5.0
81 1424 1.0
81 1656 5.0
81 1109 5.0
81 365 4.0
81 823 5.0
81 1112 5.0
81 1650 4.0
81 184 4.0
81 1433 4.0
81 17 5.0
81 391 5.0
81 1107 5.0
81 811 4.0
81 194 4.0
81 1390 5.0
81 1089 5.0
81 240 5.0
81 393 4.0
81 914 4.0
81 1292 4.0
81 454 5.0
81 1389 5.0
81 1208 4.0
81 1502 5.0
81 350 5.0
81 1106 5.0
81 1198 4.0
81 1696 5.0
81 348 4.0
81 1293 5.0
82 52 4.0
83 681 2.0
83 354 5.0
83 307 4.0
83 17 5.0
83 1210 4.0
84 106 5.0
85 923 5.0
86 104 5.0
86 958 5.0
86 1552 5.0
86 1650 3.0
86 18 5.0
87 347 5.0
87 474 5.0
87 103 3.0
87 19 5.0
87 1142 5.0
87 825 4.0
88 1313 5.0
89 1832 5.0
90 1141 5.0
90 336 5.0
90 284 5.0
90 20 4.0
90 86 5.0
90 75 4.0
90 1151 5.0
90 406 5.0
91 384 5.0
92 997 4.0
93 1357 3.0
94 622 5.0
94 21 5.0
94 1164 5.0
94 1214 5.0
94 655 5.0
94 1684 3.0
94 629 5.0
94 1524 5.0
94 33 5.0
94 28 5.0
94 956 5.0
94 95 5.0
94 1475 5.0
94 49 4.0
94 449 5.0
94 1491 1.0
94 465 5.0
94 451 5.0
94 256 4.0
94 580 5.0
94 196 5.0
94 122 5.0
94 129 5.0
94 120 4.0
94 1675 1.0
94 344 5.0
94 1159 5.0
94 911 5.0
94 761 5.0
94 1421 5.0
94 1018 5.0
94 1223 5.0
94 43 5.0
94 1680 5.0
94 816 5.0
94 1215 5.0
94 1442 4.0
94 1434 5.0
94 285 5.0
94 605 5.0
94 259 5.0
94 378 1.0
95 528 5.0
95 424 5.0
96 682 1.0
97 197 5.0
98 633 5.0
98 1524 5.0
98 21 5.0
98 41 5.0
98 1423 5.0
98 42 5.0
98 1148 5.0
98 407 5.0
98 1164 5.0
98 667 5.0
98 258 5.0
98 1710 4.0
98 644 5.0
98 1208 5.0
98 691 2.0
99 303 5.0
99 22 4.0
99 375 5.0
99 1101 5.0
99 77 4.0
99 579 2.0
99 1544 5.0
99 105 1.0
99 504 5.0
99 657 5.0
99 124 4.0
100 1226 5.0
100 700 5.0
100 481 5.0
100 306 5.0
100 1204 5.0
100 22 5.0
100 1030 5.0
100 129 5.0
101 1101 5.0
101 406 5.0
101 250 5.0
101 958 5.0
101 22 4.0
101 43 4.0
101 208 4.0
102 1646 5.0
102 972 5.0
102 1538 5.0
102 22 5.0
102 1335 5.0
102 1645 5.0
102 1419 5.0
102 269 5.0
102 1532 5.0
103 1716 5.0
104 693 5.0
105 1560 5.0
106 23 5.0
106 404 5.0
106 410 5.0
106 245 5.0
106 477 5.0
106 714 4.0
106 467 5.0
106 1434 5.0
106 303 3.0
106 109 5.0
106 1281 5.0
106 915 5.0
107 681 3.0
107 1141 5.0
107 950 5.0
107 874 5.0
107 23 4.0
107 1827 4.0
107 477 5.0
107 345 5.0
107 1365 5.0
107 1756 4.0
107 1698 4.0
107 1510 5.0
107 1757 4.0
108 279 5.0
109 738 4.0
110 992 5.0
110 1179 5.0
110 1757 3.0
110 1342 5.0
110 170 5.0
110 1421 5.0
110 23 5.0
110 1744 4.0
111 23 4.0
111 474 4.0
111 695 5.0
111 295 5.0
111 103 4.0
112 1190 5.0
113 1345 4.0
113 124 4.0
113 985 4.0
113 23 4.0
113 162 4.0
113 118 5.0
113 683 5.0
113 631 5.0
114 1606 5.0
114 679 5.0
114 981 5.0
114 1527 5.0
114 1031 5.0
114 1289 4.0
114 1799 5.0
114 542 5.0
114 364 4.0
114 231 4.0
114 1358 5.0
114 1825 5.0
114 235 4.0
114 814 5.0
114 1574 5.0
114 343 5.0
114 1316 5.0
114 117 5.0
114 57 5.0
114 315 5.0
114 1745 5.0
114 23 5.0
114 345 5.0
115 316 5.0
116 370 5.0
116 177 5.0
116 1738 5.0
116 814 5.0
116 1816 5.0
116 24 5.0
116 818 5.0
116 406 5.0
116 890 5.0
116 1656 5.0
117 289 5.0
118 1820 5.0
118 25 5.0
118 34 4.0
118 843 3.0
118 1735 4.0
119 145 2.0
120 1429 2.0
121 275 5.0
121 26 5.0
121 274 5.0
121 134 5.0
121 1535 5.0
122 929 5.0
123 73 5.0
123 409 5.0
123 467 5.0
123 114 5.0
123 412 3.0
123 133 5.0
123 339 5.0
123 533 5.0
123 94 5.0
123 27 5.0
123 1252 5.0
124 1012 5.0
124 801 5.0
124 124 5.0
124 119 5.0
124 1464 3.0
124 1764 1.0
124 1538 1.0
124 27 1.0
125 360 5.0
125 1570 5.0
125 27 5.0
125 1731 5.0
125 1141 4.0
126 93 5.0
126 72 5.0
126 244 5.0
126 1280 5.0
126 1320 5.0
126 1701 2.0
126 82 5.0
126 1249 5.0
126 1030 5.0
126 1361 5.0
126 1232 5.0
126 1340 5.0
126 27 5.0
126 1799 4.0
126 135 5.0
126 1470 5.0
126 1552 5.0
126 139 5.0
126 1033 5.0
126 114 5.0
126 1441 5.0
126 338 5.0
126 1467 5.0
126 136 5.0
126 274 5.0
126 1070 5.0
127 1462 5.0
127 965 5.0
127 27 5.0
127 1378 4.0
127 273 5.0
128 759 5.0
128 700 5.0
128 814 5.0
128 914 5.0
128 28 5.0
129 516 4.0
130 1659 4.0
131 278 4.0
131 29 5.0
131 423 5.0
131 1656 3.0
131 433 5.0
131 1223 5.0
131 1442 5.0
131 448 5.0
131 244 5.0
131 1491 5.0
132 29 4.0
132 1046 4.0
132 517 5.0
132 311 4.0
132 109 5.0
132 312 5.0
133 1355 3.0
134 1048 5.0
135 272 5.0
135 943 4.0
136 1219 2.0
137 223 5.0
138 368 5.0
139 1127 5.0
139 29 5.0
139 998 5.0
139 1356 5.0
139 1693 5.0
139 220 5.0
140 777 5.0
141 1694 5.0
141 30 4.0
141 577 5.0
141 285 5.0
141 477 5.0
142 45 3.0
143 1199 4.0
143 791 5.0
143 579 4.0
143 1242 4.0
143 30 5.0
143 478 5.0
143 792 5.0
143 1301 3.0
143 828 5.0
144 1633 4.0
144 30 4.0
144 382 4.0
144 1012 4.0
144 907 3.0
144 1255 4.0
144 1496 4.0
145 579 5.0
145 1409 5.0
145 705 5.0
145 336 3.0
145 30 5.0
145 61 4.0
145 773 5.0
146 1347 4.0
146 1431 5.0
146 31 3.0
146 1537 3.0
146 1174 4.0
146 1660 4.0
146 73 4.0
147 32 3.0
148 1804 3.0
149 955 5.0
150 732 5.0
151 822 4.0
151 33 3.0
151 1083 3.0
151 862 5.0
151 998 2.0
151 1161 5.0
152 138 5.0
153 924 4.0
154 34 5.0
154 388 5.0
154 360 5.0
154 467 5.0
154 425 5.0
155 1346 4.0
155 1185 5.0
156 902 3.0
157 507 5.0
158 886 4.0
159 724 5.0
159 35 5.0
159 914 3.0
159 586 5.0
159 1552 5.0
159 1290 3.0
159 1400 4.0
159 335 5.0
159 1512 2.0
159 798 1.0
160 36 4.0
161 242 4.0
162 1432 4.0
163 988 5.0
164 310 5.0
164 37 4.0
164 755 5.0
164 477 5.0
164 1144 1.0
165 731 5.0
166 696 5.0
166 383 5.0
167 38 3.0
167 602 5.0
167 1409 5.0
167 315 5.0
167 1478 5.0
168 1735 4.0
168 38 3.0
168 1487 5.0
168 1752 4.0
168 1818 4.0
168 1501 4.0
169 1563 5.0
169 462 5.0
169 947 1.0
169 719 5.0
169 39 5.0
169 1564 5.0
170 1431 5.0
170 620 5.0
170 1011 5.0
170 1736 5.0
170 39 5.0
171 229 5.0
172 139 5.0
172 441 5.0
172 136 5.0
172 535 5.0
172 652 4.0
172 1030 4.0
172 1501 1.0
172 466 4.0
172 1232 5.0
172 133 5.0
172 40 4.0
172 927 5.0
172 1094 4.0
172 300 4.0
172 866 3.0
172 124 4.0
172 150 3.0
172 957 5.0
172 1758 4.0
172 1594 3.0
172 1365 4.0
172 833 5.0
173 918 5.0
173 695 5.0
173 797 5.0
173 1211 5.0
173 1526 2.0
173 728 5.0
173 40 5.0
174 458 5.0
175 1079 5.0
176 41 5.0
176 407 5.0
176 311 5.0
176 327 5.0
176 306 5.0
177 1601 5.0
178 614 4.0
178 758 4.0
178 757 3.0
178 1595 5.0
178 1673 4.0
178 41 4.0
178 741 4.0
178 456 3.0
178 150 4.0
179 1526 5.0
179 275 4.0
179 1155 4.0
179 111 5.0
179 41 5.0
179 1003 5.0
179 1554 4.0
179 1030 4.0
179 1280 4.0
179 1033 4.0
179 42 5.0
179 913 5.0
179 49 5.0
179 266 4.0
179 80 5.0
179 607 4.0
179 75 5.0
179 1070 4.0
179 1319 4.0
179 1168 5.0
179 357 3.0
179 719 5.0
179 93 4.0
179 118 4.0
180 463 5.0
181 278 5.0
181 1508 4.0
181 42 5.0
181 1141 5.0
181 1414 5.0
181 406 5.0
181 590 5.0
182 1120 2.0
182 1516 5.0
182 190 3.0
182 882 5.0
182 43 5.0
182 411 5.0
183 43 5.0
183 307 5.0
183 1198 2.0
183 430 5.0
183 1461 5.0
183 1381 5.0
183 351 5.0
183 1089 5.0
183 859 2.0
183 1406 5.0
184 1089 5.0
184 43 5.0
184 335 5.0
184 558 5.0
184 1042 5.0
184 1637 5.0
184 305 5.0
185 243 3.0
186 420 5.0
186 239 5.0
186 43 5.0
186 1524 4.0
186 754 5.0
186 432 5.0
187 686 5.0
188 529 5.0
189 1626 5.0
190 245 3.0
190 43 4.0
190 246 4.0
190 658 5.0
190 1192 3.0
191 830 5.0
192 442 3.0
193 892 5.0
194 43 5.0
194 965 5.0
194 977 5.0
194 750 5.0
194 802 5.0
194 1666 5.0
194 934 5.0
195 1385 5.0
195 1466 5.0
196 1534 4.0
197 1030 4.0
197 1610 4.0
197 1031 5.0
197 43 5.0
197 760 5.0
198 1772 5.0
198 1574 2.0
198 692 5.0
198 1344 5.0
198 1402 5.0
198 43 5.0
198 1236 5.0
199 856 5.0
199 1448 4.0
199 43 5.0
199 360 5.0
199 1074 1.0
199 916 4.0
199 969 3.0
200 934 5.0
200 893 5.0
200 1036 5.0
200 288 5.0
200 801 5.0
200 43 5.0
200 158 4.0
200 1480 5.0
200 803 5.0
201 847 5.0
201 750 5.0
201 976 5.0
201 745 4.0
201 43 5.0
201 1590 5.0
202 537 5.0
202 795 5.0
202 1156 5.0
202 196 5.0
202 622 5.0
202 1181 5.0
202 649 5.0
202 44 5.0
203 1561 4.0
204 44 5.0
204 742 5.0
204 61 5.0
204 1766 3.0
204 1200 5.0
204 407 5.0
204 432 5.0
204 891 3.0
205 1315 3.0
205 502 1.0
205 431 4.0
205 406 1.0
205 49 2.0
205 503 3.0
205 457 2.0
205 44 4.0
205 890 1.0
205 534 1.0
205 127 5.0
205 50 2.0
206 128 5.0
206 1314 5.0
206 44 5.0
206 702 5.0
206 1126 5.0
207 168 5.0
208 916 5.0
208 906 5.0
208 856 5.0
208 1575 5.0
208 46 5.0
209 1515 5.0
209 46 5.0
209 1298 4.0
209 750 4.0
209 847 4.0
210 784 5.0
211 1119 5.0
211 709 4.0
211 1291 2.0
211 1134 4.0
211 305 4.0
211 1109 5.0
211 870 2.0
211 47 4.0
211 783 4.0
211 179 4.0
211 1391 4.0
212 939 3.0
212 48 3.0
212 557 4.0
212 1256 3.0
212 839 4.0
213 1110 4.0
214 1201 5.0
215 1030 5.0
215 1045 5.0
215 1578 5.0
215 267 5.0
215 275 5.0
215 167 5.0
215 262 5.0
215 166 5.0
215 49 5.0
216 173 5.0
216 759 4.0
216 322 5.0
216 541 4.0
216 274 4.0
216 1358 3.0
216 49 4.0
216 980 4.0
216 1059 5.0
216 1316 4.0
216 275 4.0
216 50 4.0
217 1523 5.0
217 1499 5.0
217 72 4.0
217 491 5.0
217 1579 5.0
217 1181 5.0
217 49 5.0
218 185 5.0
218 701 5.0
218 1769 5.0
218 1191 5.0
218 1214 4.0
218 1375 5.0
218 49 5.0
218 336 5.0
218 210 5.0
218 1229 5.0
218 882 5.0
219 946 5.0
220 1247 5.0
220 1521 5.0
220 1507 5.0
220 1045 3.0
220 1032 5.0
220 49 5.0
221 111 5.0
221 1316 5.0
221 114 5.0
221 406 5.0
221 415 5.0
221 49 5.0
221 1656 1.0
221 428 5.0
221 426 5.0
221 110 5.0
221 1563 5.0
221 819 5.0
222 1573 5.0
223 214 5.0
224 995 5.0
224 49 3.0
224 188 4.0
224 933 4.0
224 1143 2.0
224 734 5.0
225 49 5.0
225 542 5.0
225 1018 5.0
225 1354 5.0
225 119 5.0
225 1030 5.0
225 166 5.0
225 1470 4.0
225 1143 3.0
226 845 5.0
226 1367 5.0
226 50 1.0
226 982 5.0
226 322 3.0
226 141 5.0
226 681 3.0
227 1051 4.0
227 50 5.0
227 708 5.0
227 1574 5.0
227 304 5.0
227 1123 5.0
227 1602 5.0
227 1160 5.0
227 177 5.0
227 285 5.0
228 589 5.0
228 50 3.0
228 843 5.0
228 1316 5.0
228 89 2.0
229 575 5.0
230 51 5.0
230 790 5.0
230 581 5.0
230 1547 5.0
230 1200 4.0
230 481 5.0
230 642 5.0
231 1129 4.0
231 103 5.0
231 1200 4.0
231 345 5.0
231 1358 4.0
231 226 5.0
231 51 4.0
231 359 5.0
231 759 5.0
231 490 5.0
231 379 5.0
231 500 5.0
231 56 4.0
232 953 5.0
233 182 4.0
234 1188 3.0
235 1443 3.0
235 638 3.0
235 1035 4.0
235 708 5.0
235 53 5.0
235 1234 5.0
235 410 3.0
236 1540 4.0
236 705 5.0
236 624 4.0
236 1421 5.0
236 54 5.0
236 256 4.0
236 53 5.0
236 255 5.0
236 246 4.0
236 67 5.0
236 1550 5.0
236 313 4.0
237 535 5.0
237 53 4.0
237 1652 4.0
237 1752 2.0
237 593 4.0
238 841 1.0
238 54 3.0
238 1148 5.0
238 705 4.0
238 583 3.0
238 1041 3.0
238 877 5.0
239 1580 5.0
239 227 5.0
239 147 5.0
239 600 5.0
239 579 5.0
239 1574 5.0
239 359 4.0
239 657 5.0
239 54 5.0
239 1242 4.0
239 113 5.0
239 821 5.0
239 1766 1.0
239 1175 5.0
240 810 5.0
241 55 3.0
241 1606 3.0
241 227 1.0
241 1125 2.0
241 416 4.0
242 265 5.0
242 1434 4.0
242 1746 5.0
242 1493 5.0
242 1611 5.0
242 55 5.0
242 600 5.0
242 1403 5.0
242 472 5.0
242 1666 5.0
243 414 5.0
244 850 3.0
244 1496 4.0
244 258 4.0
244 586 4.0
244 55 5.0
244 581 4.0
244 913 5.0
244 251 5.0
244 1005 5.0
244 1817 4.0
244 843 5.0
245 1462 5.0
245 1549 5.0
245 1159 5.0
245 1658 5.0
245 57 4.0
245 1030 5.0
246 1080 5.0
247 78 5.0
248 1353 4.0
249 925 5.0
249 57 5.0
249 505 5.0
249 959 5.0
249 1059 5.0
249 801 5.0
249 274 5.0
249 273 5.0
249 87 5.0
249 1193 3.0
250 740 5.0
250 111 4.0
250 124 5.0
250 57 5.0
250 1625 5.0
250 911 5.0
250 1436 3.0
251 57 5.0
251 81 5.0
251 1609 1.0
251 1489 4.0
251 224 5.0
251 273 5.0
251 274 5.0
251 1658 5.0
252 115 4.0
252 1230 4.0
252 144 4.0
252 798 5.0
252 998 4.0
252 1206 5.0
252 58 4.0
253 527 5.0
253 1653 3.0
253 59 5.0
253 1661 5.0
253 1161 5.0
253 989 5.0
253 1441 5.0
254 333 5.0
254 1351 5.0
255 1638 1.0
255 689 5.0
255 60 5.0
255 580 5.0
255 684 5.0
255 105 5.0
256 448 5.0
256 632 5.0
256 60 5.0
256 1012 5.0
256 1223 5.0
257 435 5.0
258 1803 5.0
259 479 5.0
259 546 4.0
260 1674 4.0
261 76 5.0
261 781 5.0
262 1186 5.0
263 1404 5.0
263 202 4.0
264 61 1.0
264 831 4.0
264 916 5.0
264 378 5.0
264 832 4.0
264 1717 2.0
265 503 5.0
265 1522 5.0
265 390 5.0
265 1602 5.0
265 670 5.0
265 1051 5.0
265 1766 5.0
265 741 2.0
265 1472 5.0
265 285 5.0
265 698 5.0
265 1009 5.0
265 1123 5.0
265 340 5.0
265 1011 5.0
265 950 5.0
265 61 5.0
265 277 5.0
265 1297 5.0
266 62 5.0
266 557 3.0
266 1092 5.0
266 129 5.0
266 1413 5.0
267 1308 4.0
267 372 5.0
267 62 5.0
267 264 5.0
267 166 5.0
268 63 5.0
269 1316 5.0
269 1049 5.0
269 1345 5.0
269 64 5.0
269 698 5.0
269 419 4.0
269 1703 3.0
269 304 5.0
270 1241 5.0
270 1632 5.0
271 949 5.0
271 950 5.0
271 1123 5.0
271 1379 5.0
271 66 1.0
272 155 5.0
272 247 5.0
273 283 5.0
273 67 1.0
273 720 5.0
273 96 4.0
273 92 5.0
274 814 5.0
274 1141 5.0
274 1430 5.0
274 68 5.0
274 1663 5.0
275 1742 5.0
275 474 5.0
275 68 5.0
275 711 5.0
275 344 4.0
276 767 5.0
276 1658 5.0
276 1331 5.0
276 913 3.0
276 68 5.0
276 81 2.0
276 1507 5.0
276 1464 5.0
277 1044 5.0
277 1033 5.0
277 68 5.0
277 273 5.0
277 1032 5.0
277 759 5.0
277 1701 3.0
278 69 4.0
279 1666 4.0
279 97 5.0
279 70 5.0
279 119 5.0
279 1802 5.0
279 679 4.0
280 849 3.0
280 480 1.0
280 314 5.0
280 1542 5.0
280 71 5.0
280 1618 4.0
281 355 3.0
281 71 5.0
281 1493 5.0
281 1484 5.0
281 827 5.0
282 1589 4.0
282 894 4.0
282 1765 5.0
283 1457 5.0
283 533 5.0
283 500 5.0
283 502 5.0
283 72 5.0
283 504 3.0
284 339 5.0
284 73 4.0
284 354 4.0
284 681 5.0
284 469 5.0
285 871 5.0
286 817 5.0
287 443 5.0
288 1459 4.0
289 1458 5.0
290 99 5.0
290 934 5.0
290 477 5.0
290 315 5.0
290 79 5.0
290 1807 5.0
291 1321 5.0
292 728 2.0
292 432 5.0
292 1282 4.0
292 692 5.0
292 1279 5.0
292 170 5.0
292 79 5.0
293 1019 4.0
294 1367 5.0
294 1757 5.0
294 1179 5.0
294 192 4.0
294 1756 5.0
294 1151 5.0
294 137 5.0
294 1141 5.0
294 1276 5.0
294 1366 5.0
294 1237 4.0
294 1508 4.0
294 81 5.0
294 1365 5.0
294 1368 5.0
294 1425 4.0
294 1247 4.0
294 1576 5.0
294 1420 5.0
294 1577 5.0
295 1434 5.0
295 664 5.0
295 103 3.0
295 81 3.0
295 1276 5.0
295 865 5.0
295 1030 5.0
296 1187 5.0
297 1354 5.0
297 81 5.0
297 1509 4.0
297 681 5.0
297 568 5.0
298 331 4.0
299 82 4.0
299 1467 5.0
299 1470 5.0
299 267 5.0
299 1030 5.0
299 264 5.0
299 700 5.0
299 982 4.0
300 157 5.0
301 83 5.0
301 400 5.0
301 398 5.0
301 882 5.0
301 86 4.0
302 967 4.0
303 1072 5.0
303 525 5.0
303 477 5.0
303 591 5.0
303 84 5.0
303 1165 5.0
303 705 5.0
304 882 2.0
304 401 5.0
304 84 5.0
304 185 5.0
304 1230 5.0
304 221 5.0
304 305 3.0
304 1120 5.0
304 559 5.0
304 1582 4.0
304 1678 3.0
305 84 5.0
305 1101 5.0
305 714 1.0
305 477 3.0
305 1336 5.0
305 1021 5.0
305 1549 3.0
306 233 5.0
307 1591 5.0
308 1112 5.0
308 276 5.0
308 111 5.0
308 549 5.0
308 1039 5.0
308 1306 5.0
308 358 5.0
308 1391 5.0
308 88 5.0
308 641 5.0
308 1062 1.0
309 1774 5.0
309 464 4.0
310 88 5.0
310 1617 4.0
310 1181 2.0
310 649 5.0
310 1121 5.0
311 1152 5.0
311 90 3.0
311 483 5.0
311 1226 3.0
311 306 4.0
312 132 5.0
312 451 5.0
312 1436 5.0
312 1470 5.0
312 90 5.0
313 1200 2.0
313 580 1.0
313 691 3.0
313 1529 2.0
313 834 1.0
313 91 1.0
314 713 1.0
315 861 5.0
315 1053 5.0
315 1347 5.0
315 91 5.0
315 462 5.0
316 274 4.0
316 683 5.0
316 93 4.0
316 814 4.0
316 97 5.0
316 1032 5.0
317 277 3.0
317 354 3.0
317 1018 5.0
317 93 3.0
317 1358 5.0
317 1031 3.0
317 141 5.0
318 826 5.0
318 94 4.0
318 271 5.0
318 1031 4.0
318 980 5.0
318 1521 5.0
318 1554 5.0
318 666 5.0
318 1218 5.0
318 329 5.0
318 287 5.0
318 1383 4.0
319 530 1.0
320 1189 4.0
321 1509 5.0
321 599 5.0
321 95 5.0
321 1629 5.0
321 1800 5.0
321 1493 5.0
321 824 5.0
321 913 5.0
321 1713 4.0
321 1782 5.0
321 1366 5.0
321 1062 4.0
322 1128 5.0
323 674 5.0
323 727 5.0
323 95 5.0
323 1524 5.0
323 476 5.0
323 911 5.0
324 261 4.0
325 1622 4.0
325 212 5.0
325 451 5.0
325 273 5.0
325 98 5.0
325 1620 5.0
325 423 5.0
325 133 5.0
325 1621 5.0
325 1631 5.0
325 270 5.0
325 1088 3.0
325 498 4.0
325 761 5.0
326 1467 4.0
326 201 4.0
326 1419 4.0
326 1781 5.0
326 98 3.0
326 1252 5.0
326 1471 4.0
326 1744 3.0
326 1712 4.0
326 1386 4.0
326 1536 3.0
327 1005 4.0
327 99 5.0
327 534 5.0
327 797 5.0
327 755 5.0
328 1395 5.0
328 1137 5.0
328 280 5.0
329 349 2.0
329 189 1.0
329 1088 5.0
329 100 5.0
329 1089 5.0
329 730 5.0
329 153 5.0
329 1144 5.0
329 185 5.0
329 1230 5.0
329 401 2.0
329 187 5.0
329 882 3.0
330 533 5.0
330 913 5.0
330 1656 5.0
330 100 2.0
330 1200 4.0
330 876 4.0
331 1679 5.0
332 363 3.0
332 913 4.0
332 100 3.0
332 660 5.0
332 633 5.0
332 604 4.0
332 1721 5.0
333 664 5.0
333 1090 5.0
333 1389 5.0
333 305 5.0
333 1244 5.0
333 179 5.0
333 524 5.0
333 1423 5.0
333 393 5.0
333 101 5.0
333 186 5.0
334 1642 5.0
334 1008 5.0
335 1018 5.0
335 101 5.0
335 1044 3.0
335 1434 5.0
335 477 5.0
336 499 5.0
336 273 1.0
336 101 5.0
336 759 2.0
336 237 5.0
337 921 4.0
338 1372 4.0
338 102 4.0
338 502 4.0
338 477 5.0
338 379 4.0
339 1562 5.0
340 737 5.0
341 974 5.0
341 1285 5.0
341 1697 1.0
341 103 5.0
341 1688 5.0
341 1574 5.0
342 108 5.0
343 705 5.0
343 926 5.0
343 1248 4.0
343 1381 5.0
343 1105 5.0
343 518 5.0
343 103 1.0
343 525 5.0
343 1437 5.0
343 574 5.0
343 249 5.0
344 643 5.0
345 1328 5.0
345 105 5.0
345 1503 5.0
345 807 5.0
345 422 5.0
345 499 5.0
345 1456 5.0
345 708 5.0
346 1753 5.0
347 650 5.0
348 1292 5.0
348 1622 3.0
348 641 5.0
348 1134 5.0
348 1231 5.0
348 349 5.0
348 939 2.0
348 183 5.0
348 549 5.0
348 782 5.0
348 1329 5.0
348 940 5.0
348 1145 5.0
348 1636 4.0
348 1293 4.0
348 554 4.0
348 248 4.0
348 394 5.0
348 900 5.0
348 556 5.0
348 989 5.0
348 882 5.0
348 392 5.0
348 109 5.0
348 1191 5.0
349 840 4.0
349 683 4.0
349 110 5.0
349 660 4.0
349 571 4.0
349 404 4.0
349 111 4.0
349 908 4.0
349 1593 3.0
349 477 4.0
350 1490 4.0
351 207 1.0
352 1087 5.0
352 551 5.0
352 1577 5.0
352 369 5.0
352 348 5.0
352 1088 5.0
352 1617 5.0
352 111 5.0
352 1116 5.0
352 351 5.0
352 564 5.0
353 898 4.0
354 379 5.0
354 111 5.0
354 1047 5.0
354 875 5.0
354 1101 5.0
354 755 5.0
355 654 5.0
356 112 4.0
357 1071 4.0
357 1715 5.0
357 113 5.0
357 438 4.0
357 960 5.0
357 1524 4.0
357 585 5.0
358 359 4.0
358 1379 5.0
358 1203 5.0
358 1483 5.0
358 694 5.0
358 1402 5.0
358 114 5.0
359 517 5.0
359 1531 4.0
359 630 5.0
359 609 5.0
359 114 4.0
360 1616 5.0
361 114 3.0
361 1358 4.0
361 818 5.0
361 497 5.0
361 496 3.0
362 676 5.0
363 173 4.0
363 1654 5.0
363 116 3.0
363 357 2.0
363 1304 5.0
363 1752 1.0
363 850 1.0
363 759 4.0
363 681 4.0
363 993 5.0
363 589 4.0
363 849 4.0
363 282 3.0
364 1783 5.0
364 541 5.0
364 120 5.0
364 932 5.0
364 117 5.0
364 1016 5.0
364 176 5.0
364 429 5.0
364 422 5.0
364 982 5.0
365 1316 5.0
365 1449 5.0
365 1692 5.0
365 353 5.0
365 166 4.0
365 633 5.0
365 378 4.0
365 606 3.0
365 1319 5.0
365 117 5.0
365 228 4.0
365 1574 5.0
365 1376 5.0
366 232 4.0
366 1776 4.0
366 371 4.0
366 121 5.0
366 123 5.0
366 117 4.0
366 1772 5.0
366 119 5.0
367 1309 5.0
368 1551 4.0
368 1464 2.0
368 1130 4.0
368 1539 4.0
368 119 5.0
369 673 5.0
369 372 5.0
369 1143 5.0
369 119 5.0
369 538 5.0
369 1514 5.0
369 200 5.0
369 253 5.0
369 278 5.0
369 258 5.0
369 271 5.0
369 470 5.0
369 1095 4.0
370 119 5.0
370 124 4.0
370 121 5.0
370 359 5.0
370 123 5.0
371 1070 5.0
371 1526 5.0
371 705 5.0
371 134 5.0
371 119 5.0
372 1737 5.0
373 275 5.0
373 265 5.0
373 119 5.0
373 124 5.0
373 232 3.0
373 1465 5.0
374 1723 5.0
375 1789 4.0
376 1759 3.0
377 120 5.0
377 1392 5.0
377 970 4.0
377 855 5.0
377 1575 5.0
377 467 5.0
378 1700 4.0
378 954 3.0
378 146 3.0
378 1387 4.0
378 873 5.0
378 120 5.0
378 236 4.0
378 1721 4.0
379 120 3.0
379 240 2.0
379 1550 4.0
379 320 1.0
379 1217 5.0
380 829 5.0
381 122 4.0
381 1270 5.0
381 173 5.0
381 1756 5.0
381 1369 3.0
382 1378 5.0
382 1311 4.0
382 1595 5.0
382 122 1.0
382 1797 5.0
382 822 5.0
383 1497 5.0
383 1749 4.0
384 1077 5.0
385 1017 5.0
385 862 5.0
385 981 5.0
385 1264 5.0
385 124 5.0
386 1258 4.0
386 1594 4.0
386 660 5.0
386 1816 2.0
386 1463 2.0
386 174 5.0
386 1682 5.0
386 1598 5.0
386 1012 3.0
386 873 3.0
386 866 3.0
386 1823 5.0
386 804 4.0
386 1261 2.0
386 1701 4.0
386 679 5.0
386 865 3.0
386 177 5.0
386 1564 4.0
386 1824 2.0
386 990 2.0
386 1686 4.0
386 1700 4.0
386 1325 5.0
386 1826 3.0
386 124 5.0
387 985 4.0
387 1654 5.0
387 131 5.0
387 274 5.0
387 983 3.0
387 595 4.0
387 124 4.0
388 439 5.0
389 1758 4.0
389 124 5.0
389 1829 4.0
389 1629 4.0
389 477 5.0
389 1365 5.0
390 124 5.0
390 1078 5.0
390 167 5.0
390 1043 5.0
390 274 5.0
391 653 5.0
392 1733 5.0
393 1508 4.0
393 124 4.0
393 1741 5.0
393 1175 5.0
393 1059 5.0
393 278 4.0
393 1300 4.0
393 1247 4.0
393 1001 1.0
393 1545 4.0
393 232 3.0
394 1341 5.0
395 592 5.0
396 474 4.0
396 1827 5.0
396 126 5.0
396 1103 5.0
396 1166 5.0
396 1563 5.0
397 994 5.0
398 1065 5.0
398 543 4.0
398 1568 5.0
398 127 5.0
398 854 5.0
398 1743 5.0
399 1462 5.0
399 634 5.0
399 523 5.0
399 127 5.0
399 518 5.0
399 1366 5.0
399 649 5.0
399 218 5.0
399 141 5.0
399 1657 5.0
399 621 5.0
399 959 5.0
399 726 5.0
399 504 5.0
400 1780 5.0
400 1777 5.0
400 1815 5.0
400 1362 5.0
400 1055 5.0
400 1126 5.0
400 1741 5.0
400 1776 5.0
400 1300 5.0
400 1521 5.0
400 1073 5.0
400 702 5.0
400 1691 5.0
400 1750 5.0
400 1508 5.0
400 128 5.0
400 314 5.0
400 1507 5.0
401 823 5.0
401 937 5.0
401 1025 5.0
401 128 4.0
401 702 4.0
401 147 5.0
402 1275 5.0
403 297 3.0
404 599 5.0
404 130 5.0
404 581 5.0
404 1049 5.0
404 766 5.0
405 130 5.0
405 1473 3.0
405 477 5.0
405 809 5.0
405 613 1.0
406 1400 5.0
406 1656 5.0
406 299 5.0
406 1003 5.0
406 131 5.0
407 131 3.0
407 844 5.0
407 273 2.0
407 1030 3.0
407 1470 4.0
407 760 5.0
407 1467 5.0
407 274 3.0
408 154 5.0
408 151 4.0
408 1106 5.0
408 131 4.0
408 987 5.0
409 132 5.0
409 826 5.0
409 1272 3.0
409 1467 5.0
409 1470 5.0
409 1731 3.0
410 1366 4.0
410 345 4.0
410 132 5.0
410 266 5.0
410 844 5.0
410 1724 4.0
410 1641 5.0
410 167 5.0
410 780 4.0
410 760 5.0
410 951 5.0
410 1310 4.0
410 1272 4.0
410 1020 3.0
410 1685 4.0
410 1603 5.0
410 134 5.0
411 275 4.0
411 1068 3.0
411 1359 3.0
411 134 4.0
411 1742 3.0
412 134 5.0
412 482 4.0
412 477 5.0
412 241 4.0
412 911 5.0
413 1639 5.0
414 484 1.0
415 477 5.0
415 990 5.0
415 135 5.0
415 1044 5.0
415 840 5.0
416 167 5.0
416 1773 5.0
416 208 5.0
416 972 5.0
416 135 5.0
417 1595 3.0
417 1797 4.0
417 139 3.0
417 1232 2.0
417 1168 2.0
417 136 3.0
418 267 5.0
418 1536 5.0
418 273 5.0
418 322 5.0
418 271 5.0
418 137 5.0
418 700 5.0
419 687 5.0
420 1413 5.0
420 141 5.0
420 1742 5.0
420 1760 5.0
420 258 5.0
420 581 4.0
421 1067 4.0
422 1732 5.0
423 1060 5.0
424 1468 5.0
424 143 5.0
424 1450 5.0
424 755 4.0
424 267 3.0
424 1402 5.0
424 1332 5.0
425 1417 4.0
425 1398 5.0
426 1705 5.0
427 468 5.0
428 858 5.0
429 1382 5.0
429 503 5.0
429 908 5.0
429 148 4.0
429 255 5.0
430 153 2.0
430 149 4.0
430 1718 4.0
430 1382 5.0
430 1413 4.0
431 295 3.0
431 1743 2.0
431 151 4.0
431 814 4.0
431 1106 3.0
431 1402 4.0
431 154 4.0
432 759 5.0
432 980 5.0
432 278 5.0
432 913 5.0
432 232 5.0
432 151 5.0
433 281 4.0
434 869 4.0
435 1558 5.0
435 153 1.0
435 602 5.0
435 705 5.0
435 704 5.0
436 1434 5.0
436 159 5.0
436 156 5.0
436 893 5.0
436 1297 5.0
436 1558 4.0
436 492 5.0
437 156 5.0
437 583 5.0
437 893 5.0
437 736 4.0
437 1030 4.0
437 605 4.0
438 705 5.0
438 1301 5.0
438 517 5.0
438 1796 4.0
438 602 5.0
438 801 5.0
438 158 5.0
438 1208 5.0
438 776 5.0
438 823 5.0
439 583 4.0
439 597 4.0
439 1036 4.0
439 1295 3.0
439 158 4.0
440 296 5.0
440 355 4.0
440 1038 5.0
440 974 5.0
440 434 4.0
440 314 5.0
440 699 5.0
440 158 5.0
441 935 5.0
441 159 4.0
441 847 5.0
441 934 5.0
441 1515 5.0
441 933 5.0
441 970 3.0
442 1262 2.0
443 1409 5.0
443 161 5.0
443 521 5.0
443 618 4.0
443 503 5.0
443 177 5.0
444 1382 5.0
444 625 3.0
444 602 5.0
444 1526 5.0
444 161 5.0
444 705 5.0
444 1421 5.0
444 1806 5.0
445 609 4.0
445 1409 5.0
445 705 5.0
445 1049 2.0
445 363 4.0
445 162 4.0
446 512 5.0
446 418 5.0
446 741 1.0
446 1184 5.0
446 162 5.0
447 927 4.0
447 710 5.0
447 605 4.0
447 164 4.0
447 913 5.0
448 749 5.0
448 1007 5.0
448 165 5.0
448 662 4.0
448 1465 5.0
449 1816 3.0
449 165 5.0
449 692 1.0
449 173 5.0
449 1251 5.0
450 964 4.0
451 167 5.0
451 1574 4.0
451 345 5.0
451 760 5.0
451 527 5.0
452 1422 5.0
452 980 5.0
452 167 4.0
452 1354 5.0
452 985 5.0
452 1317 5.0
453 274 5.0
453 759 5.0
453 336 5.0
453 169 2.0
453 1210 5.0
453 1092 5.0
454 812 5.0
454 866 5.0
454 344 5.0
454 169 5.0
454 1824 3.0
454 1833 5.0
454 267 5.0
455 1289 3.0
455 832 3.0
455 169 1.0
455 1501 3.0
455 681 5.0
455 712 5.0
455 1831 5.0
455 543 2.0
455 1237 4.0
455 1791 3.0
455 1269 5.0
456 1767 5.0
456 1806 5.0
456 1431 5.0
456 170 4.0
456 441 5.0
456 794 5.0
457 919 3.0
457 1687 4.0
457 1096 1.0
457 823 4.0
457 1054 3.0
457 170 3.0
457 581 4.0
458 170 5.0
458 1246 5.0
458 648 5.0
458 822 5.0
458 220 5.0
458 1240 1.0
459 572 2.0
460 406 5.0
460 1434 5.0
460 170 5.0
460 767 5.0
460 681 5.0
460 569 5.0
460 503 5.0
460 501 5.0
461 823 5.0
461 238 5.0
461 1541 5.0
461 170 4.0
461 305 5.0
461 548 5.0
461 904 5.0
461 569 3.0
462 1578 5.0
462 1431 2.0
462 1523 5.0
462 792 5.0
462 1421 5.0
462 171 5.0
463 1519 5.0
463 1141 5.0
463 364 5.0
463 1672 2.0
463 172 4.0
464 1377 5.0
465 175 4.0
465 568 5.0
465 1138 5.0
465 232 3.0
465 980 5.0
466 895 5.0
466 1643 4.0
467 681 5.0
467 1162 5.0
467 177 5.0
467 692 4.0
467 307 5.0
467 1419 4.0
468 1021 5.0
468 277 5.0
468 726 5.0
468 177 5.0
468 363 5.0
468 196 5.0
468 908 5.0
468 778 4.0
469 1022 5.0
470 1434 4.0
470 445 5.0
470 311 5.0
470 177 1.0
470 1012 5.0
471 240 4.0
471 1277 5.0
471 768 3.0
471 177 1.0
471 836 4.0
472 255 5.0
472 248 5.0
472 560 5.0
472 782 5.0
472 814 5.0
472 179 5.0
472 1681 5.0
472 1338 5.0
472 1054 5.0
472 177 5.0
472 690 5.0
472 1109 5.0
472 1143 5.0
472 1814 5.0
472 681 5.0
472 1134 5.0
472 1617 5.0
472 938 5.0
472 1229 5.0
472 607 5.0
472 724 5.0
472 469 5.0
473 217 5.0
474 177 5.0
474 705 5.0
474 899 4.0
474 1111 4.0
474 1775 5.0
475 317 5.0
475 1451 5.0
475 375 5.0
475 177 5.0
475 359 5.0
476 177 1.0
476 813 5.0
476 1085 2.0
476 735 3.0
476 234 5.0
477 1304 5.0
477 1752 5.0
477 177 5.0
477 1770 5.0
477 1245 5.0
478 478 5.0
478 311 5.0
478 721 5.0
478 1506 5.0
478 774 5.0
478 896 5.0
478 861 2.0
478 822 5.0
478 582 5.0
478 598 4.0
478 177 5.0
479 1454 3.0
479 1596 5.0
479 177 4.0
479 707 4.0
479 477 5.0
480 1278 4.0
481 555 5.0
482 1150 5.0
482 519 2.0
482 178 4.0
482 661 4.0
482 198 3.0
483 1198 5.0
483 1582 5.0
483 178 5.0
483 1023 5.0
483 735 5.0
484 912 5.0
484 882 5.0
484 178 5.0
484 881 3.0
484 1234 4.0
484 395 4.0
485 1411 5.0
486 1089 5.0
486 194 5.0
486 349 4.0
486 181 2.0
486 579 5.0
486 904 5.0
486 180 5.0
487 559 5.0
487 268 5.0
487 180 5.0
487 552 5.0
487 189 5.0
488 1492 4.0
488 187 3.0
488 180 4.0
488 1088 2.0
488 1231 4.0
489 203 5.0
490 1088 5.0
490 1171 5.0
490 659 5.0
490 183 5.0
490 1089 5.0
490 477 5.0
490 552 5.0
491 1111 4.0
491 556 5.0
491 1109 5.0
491 1714 5.0
491 183 5.0
492 183 2.0
492 1117 3.0
492 1198 4.0
492 554 5.0
492 398 3.0
493 882 4.0
493 382 1.0
493 1519 5.0
493 183 5.0
493 400 5.0
494 1196 4.0
495 1104 5.0
496 184 5.0
496 564 4.0
496 1375 5.0
496 560 4.0
496 1120 5.0
496 349 5.0
496 509 5.0
496 1635 5.0
496 248 4.0
496 1050 5.0
496 1198 4.0
496 1338 5.0
497 338 5.0
497 477 5.0
497 725 4.0
497 307 5.0
497 390 4.0
497 306 5.0
497 184 3.0
498 1617 5.0
498 377 5.0
498 184 5.0
498 1292 5.0
498 1198 5.0
498 553 4.0
498 1090 5.0
498 348 5.0
499 1089 4.0
499 350 3.0
499 900 4.0
499 184 5.0
499 1116 5.0
499 382 4.0
499 401 4.0
500 184 3.0
500 557 5.0
500 566 5.0
500 752 5.0
500 1433 5.0
501 870 3.0
501 1338 4.0
501 305 4.0
501 1230 3.0
501 1492 4.0
501 308 4.0
501 1229 4.0
501 863 3.0
501 376 4.0
501 1090 3.0
501 391 5.0
501 1257 4.0
501 185 4.0
501 1089 5.0
501 187 4.0
502 772 1.0
503 369 5.0
503 1445 5.0
503 1206 5.0
503 1089 5.0
503 186 5.0
503 1292 5.0
503 548 5.0
503 1338 5.0
504 1221 5.0
504 668 5.0
505 267 5.0
505 662 5.0
505 371 5.0
505 700 5.0
505 677 5.0
505 186 5.0
505 1531 5.0
505 224 5.0
505 1044 5.0
506 396 5.0
507 1428 3.0
508 681 3.0
508 1198 4.0
508 189 2.0
508 637 5.0
508 1146 4.0
509 1106 5.0
509 1210 5.0
509 1211 5.0
509 324 5.0
509 362 3.0
509 1721 5.0
509 191 5.0
509 370 5.0
510 1481 4.0
511 770 5.0
512 911 5.0
512 527 5.0
512 192 5.0
512 1012 5.0
512 1152 5.0
513 1607 5.0
514 1039 5.0
514 1114 5.0
514 1329 4.0
514 1244 5.0
514 192 5.0
514 221 5.0
514 561 5.0
514 305 5.0
514 1574 5.0
515 348 5.0
515 1293 5.0
515 1089 5.0
515 402 5.0
515 192 5.0
516 1617 5.0
516 477 5.0
516 240 5.0
516 194 5.0
516 1089 5.0
516 1784 5.0
517 796 5.0
518 1242 4.0
518 581 5.0
518 255 5.0
518 326 5.0
518 195 5.0
519 662 5.0
519 1282 5.0
519 838 5.0
519 1217 4.0
519 1509 3.0
519 256 5.0
519 196 5.0
520 240 5.0
520 196 5.0
520 1012 4.0
520 910 5.0
520 1030 2.0
521 473 5.0
521 913 5.0
521 792 3.0
521 1062 3.0
521 196 5.0
521 300 4.0
522 1141 5.0
522 666 5.0
522 1360 5.0
522 1493 5.0
522 1030 5.0
522 1152 5.0
522 1155 5.0
522 490 5.0
522 1588 5.0
522 1339 2.0
522 1415 5.0
522 1361 5.0
522 1519 5.0
522 196 5.0
522 985 5.0
522 1276 5.0
522 848 5.0
523 1012 4.0
523 196 5.0
523 852 4.0
523 843 4.0
523 324 5.0
523 1210 5.0
523 589 5.0
524 596 5.0
524 198 5.0
524 744 2.0
524 667 5.0
524 1650 2.0
524 762 4.0
524 423 5.0
524 1285 5.0
525 499 5.0
525 1608 3.0
525 501 5.0
525 199 5.0
525 659 5.0
526 1312 5.0
527 974 5.0
527 978 5.0
527 905 5.0
527 975 5.0
527 1340 5.0
527 204 5.0
528 863 5.0
528 1035 5.0
528 204 5.0
528 385 5.0
528 1109 5.0
529 351 5.0
529 204 4.0
529 1120 5.0
529 1198 5.0
529 369 5.0
529 477 5.0
529 353 5.0
530 1384 5.0
530 1206 5.0
530 205 4.0
530 1574 5.0
530 903 4.0
531 550 5.0
531 336 5.0
531 1230 5.0
531 206 5.0
531 1076 5.0
532 800 5.0
532 1014 3.0
532 208 5.0
532 1102 5.0
532 1255 5.0
533 209 5.0
533 292 5.0
533 913 5.0
533 688 5.0
533 538 5.0
533 475 2.0
534 211 5.0
534 1471 5.0
534 1425 5.0
534 275 5.0
534 759 5.0
535 477 5.0
535 1301 2.0
535 746 5.0
535 212 4.0
535 1651 4.0
535 854 5.0
536 771 5.0
537 897 5.0
537 213 5.0
537 834 5.0
537 328 5.0
537 999 5.0
537 685 5.0
538 1056 5.0
538 1656 4.0
538 345 4.0
538 660 5.0
538 1606 4.0
538 215 5.0
539 851 3.0
540 723 5.0
540 437 5.0
540 583 5.0
540 662 5.0
540 219 5.0
540 1533 5.0
540 1740 5.0
541 1782 5.0
541 977 4.0
541 842 5.0
541 1392 3.0
541 1764 5.0
541 220 5.0
541 1064 5.0
542 400 5.0
542 382 5.0
542 221 5.0
542 651 5.0
542 401 5.0
542 1089 5.0
543 1329 5.0
543 1117 4.0
543 1116 4.0
543 1229 4.0
543 1819 5.0
543 567 5.0
543 1293 5.0
543 1517 5.0
543 903 5.0
543 387 5.0
543 1256 5.0
543 1113 5.0
543 222 5.0
544 1649 5.0
544 1483 5.0
544 359 5.0
544 1748 5.0
544 225 5.0
545 1553 5.0
546 226 5.0
546 1249 4.0
546 657 4.0
546 945 4.0
546 748 4.0
546 1225 3.0
546 697 4.0
547 657 5.0
547 428 5.0
547 704 5.0
547 1273 5.0
547 481 5.0
547 1290 5.0
547 1149 5.0
547 426 5.0
547 1400 5.0
547 226 5.0
547 306 5.0
547 524 5.0
547 227 5.0
547 932 5.0
548 344 5.0
548 608 5.0
548 232 5.0
548 826 5.0
548 291 5.0
548 322 5.0
548 271 5.0
548 980 5.0
548 927 5.0
548 1044 5.0
549 1611 5.0
549 1434 5.0
549 382 5.0
549 234 5.0
549 565 5.0
549 1090 5.0
549 1284 5.0
550 1778 1.0
550 837 2.0
550 975 4.0
550 1253 4.0
550 236 4.0
551 1222 5.0
551 1295 5.0
551 1296 5.0
551 979 5.0
551 889 5.0
551 1495 5.0
551 236 5.0
551 974 5.0
551 975 5.0
552 1788 5.0
552 1277 5.0
552 1656 5.0
552 1336 5.0
552 662 5.0
552 302 3.0
552 1526 5.0
552 237 5.0
552 240 5.0
552 681 5.0
553 1124 5.0
554 1046 5.0
554 971 5.0
554 1198 5.0
554 240 5.0
554 815 5.0
555 1513 3.0
555 815 3.0
555 1323 5.0
555 273 4.0
555 1511 5.0
555 1141 4.0
555 1147 3.0
555 1414 5.0
555 1044 4.0
555 477 4.0
555 1075 5.0
555 240 5.0
555 1470 5.0
555 1252 4.0
556 240 5.0
556 1513 4.0
556 680 5.0
556 1026 5.0
556 1342 5.0
556 1426 4.0
556 1332 5.0
557 1494 5.0
558 1689 4.0
559 275 5.0
559 1380 5.0
559 274 5.0
559 245 5.0
559 733 5.0
559 373 5.0
560 1779 2.0
561 515 5.0
562 963 5.0
562 250 5.0
562 925 4.0
562 544 5.0
562 1595 4.0
562 1599 2.0
563 961 4.0
564 793 5.0
565 846 5.0
566 1614 4.0
566 1147 4.0
566 1822 4.0
566 252 5.0
566 1094 2.0
566 466 5.0
567 301 5.0
568 866 4.0
568 1817 4.0
568 1813 4.0
568 1412 5.0
568 1791 3.0
568 1656 5.0
568 1747 4.0
568 1770 5.0
568 253 5.0
569 254 5.0
570 665 5.0
570 1526 1.0
570 255 5.0
570 579 5.0
570 1801 5.0
571 799 5.0
572 1021 4.0
572 1595 3.0
572 255 5.0
572 634 5.0
572 1216 5.0
573 1198 5.0
573 256 5.0
573 563 5.0
573 392 5.0
573 1117 5.0
574 703 5.0
574 1671 3.0
574 1558 5.0
574 1198 5.0
574 256 5.0
574 722 3.0
575 358 5.0
575 1498 5.0
575 1198 4.0
575 257 5.0
575 755 5.0
576 629 5.0
576 913 5.0
576 664 5.0
576 285 5.0
576 257 5.0
577 576 5.0
577 502 5.0
577 1721 5.0
577 258 5.0
577 278 5.0
578 1004 5.0
578 453 5.0
578 1487 5.0
578 1422 5.0
578 258 5.0
579 1460 5.0
580 954 3.0
580 1758 5.0
580 1542 5.0
580 1787 4.0
580 1265 2.0
580 520 4.0
580 1269 2.0
580 258 5.0
580 751 4.0
581 1656 5.0
581 536 5.0
581 258 5.0
581 539 5.0
581 1006 5.0
581 568 5.0
582 639 5.0
582 800 5.0
582 1668 4.0
582 1125 3.0
582 258 5.0
583 258 1.0
583 1436 4.0
583 271 4.0
583 471 4.0
583 330 4.0
583 291 3.0
584 1031 5.0
584 274 5.0
584 258 5.0
584 760 5.0
584 1272 5.0
585 1785 5.0
585 258 4.0
585 678 5.0
585 1828 5.0
585 866 5.0
586 1168 2.0
586 264 5.0
586 1232 5.0
586 1061 5.0
586 274 3.0
586 1397 4.0
587 1332 5.0
587 700 5.0
587 814 4.0
587 265 5.0
587 1815 5.0
587 1031 5.0
588 688 5.0
588 1031 5.0
588 1143 4.0
588 267 5.0
588 1467 5.0
588 987 5.0
589 1139 5.0
590 271 5.0
590 1438 2.0
590 267 5.0
590 1721 5.0
590 273 5.0
591 269 3.0
591 295 5.0
591 1536 3.0
591 273 5.0
591 1029 5.0
592 1436 5.0
592 373 5.0
592 270 5.0
592 681 2.0
592 1453 4.0
592 332 5.0
593 1350 5.0
594 339 5.0
594 768 5.0
594 370 5.0
594 620 5.0
594 271 5.0
595 1648 5.0
595 759 5.0
595 271 3.0
595 1536 3.0
595 1794 4.0
595 1015 5.0
595 1172 5.0
596 273 5.0
596 1471 5.0
596 274 5.0
596 759 5.0
596 913 5.0
596 1012 5.0
597 1250 5.0
598 1444 4.0
598 1420 5.0
598 1143 5.0
598 1332 5.0
598 273 5.0
598 1141 3.0
599 1799 3.0
599 1044 5.0
599 273 5.0
599 322 5.0
599 1045 5.0
600 1272 5.0
600 273 5.0
600 664 3.0
600 1280 3.0
600 1467 5.0
600 274 4.0
601 1592 5.0
601 1461 5.0
601 1171 4.0
601 1543 5.0
601 273 5.0
602 337 5.0
603 1318 5.0
603 275 3.0
603 832 5.0
603 359 3.0
603 1328 5.0
604 278 5.0
604 922 2.0
604 1255 5.0
604 1147 5.0
604 614 5.0
604 627 1.0
604 1768 5.0
605 1166 5.0
605 282 3.0
605 1756 5.0
605 1829 3.0
605 1757 3.0
605 1141 4.0
606 413 4.0
607 1248 5.0
607 1712 5.0
607 611 5.0
607 980 5.0
607 1238 5.0
607 290 5.0
607 672 1.0
608 1176 5.0
608 1084 5.0
608 1574 5.0
608 292 5.0
608 1522 5.0
609 1135 5.0
609 482 5.0
609 295 4.0
609 477 5.0
609 1149 5.0
610 1091 5.0
610 1053 4.0
610 1767 5.0
610 457 5.0
610 295 5.0
610 307 5.0
611 1586 5.0
612 1032 5.0
612 833 5.0
612 497 5.0
612 300 5.0
612 1033 5.0
612 952 1.0
613 640 5.0
613 305 5.0
613 581 5.0
613 1300 5.0
613 903 5.0
613 1780 5.0
613 860 3.0
613 1198 5.0
613 1667 2.0
613 1231 5.0
613 1207 1.0
614 1784 5.0
614 900 5.0
614 973 5.0
614 305 4.0
614 1703 5.0
615 1108 1.0
615 564 2.0
615 386 3.0
615 1109 5.0
615 305 4.0
615 939 1.0
616 1107 5.0
616 882 5.0
616 783 5.0
616 1134 5.0
616 305 3.0
617 1120 4.0
617 1637 5.0
617 305 5.0
617 1764 5.0
617 1257 5.0
617 1714 5.0
617 1653 4.0
617 1775 5.0
617 1076 3.0
618 1311 4.0
618 489 5.0
618 477 5.0
618 1768 5.0
618 642 2.0
618 1245 4.0
618 305 5.0
619 1379 3.0
619 522 3.0
619 306 5.0
619 379 5.0
619 499 5.0
619 698 3.0
620 467 5.0
620 1402 5.0
620 951 5.0
620 306 5.0
620 1808 5.0
621 1816 3.0
621 573 4.0
621 1686 5.0
621 1754 4.0
621 307 5.0
622 308 5.0
622 1119 4.0
622 1244 4.0
622 1329 5.0
622 1198 4.0
623 1285 5.0
623 311 5.0
623 932 5.0
623 827 5.0
623 635 5.0
623 1571 4.0
623 1297 5.0
623 1301 5.0
624 461 5.0
625 1183 5.0
626 1673 4.0
626 1121 5.0
626 1311 5.0
626 1084 3.0
626 822 5.0
626 318 3.0
626 1083 2.0
626 615 4.0
626 1730 5.0
627 510 5.0
627 1798 5.0
627 1012 5.0
627 477 4.0
627 1661 5.0
627 657 5.0
627 318 5.0
627 614 5.0
627 539 5.0
627 532 5.0
627 1525 4.0
627 536 5.0
627 774 5.0
627 508 5.0
627 664 5.0
627 1381 5.0
627 843 5.0
627 1294 5.0
627 344 4.0
627 1443 3.0
627 853 5.0
628 1628 3.0
628 681 2.0
628 1126 4.0
628 318 5.0
628 1523 5.0
629 1542 5.0
629 704 4.0
629 319 4.0
629 932 4.0
629 1295 4.0
630 827 5.0
630 481 5.0
630 320 4.0
630 1037 5.0
630 932 5.0
631 1528 1.0
631 1141 4.0
631 322 4.0
631 950 5.0
631 1169 4.0
631 1507 5.0
631 1348 4.0
632 322 4.0
632 675 5.0
632 1506 4.0
632 853 4.0
632 1224 4.0
632 999 5.0
632 727 5.0
632 1541 5.0
632 1213 5.0
632 760 5.0
632 832 4.0
632 1695 5.0
633 323 2.0
634 679 5.0
634 1012 5.0
634 1677 5.0
634 674 5.0
634 324 5.0
634 911 5.0
634 876 5.0
634 1579 5.0
634 1652 5.0
635 324 5.0
635 1476 5.0
635 440 5.0
635 617 5.0
635 1285 5.0
636 408 5.0
637 1320 1.0
637 1031 5.0
637 694 4.0
637 1173 2.0
637 1343 3.0
637 755 4.0
637 329 5.0
638 1100 4.0
638 329 5.0
638 1200 5.0
638 1359 5.0
638 1141 1.0
638 1058 3.0
638 1727 5.0
639 1099 5.0
640 1260 4.0
641 1180 5.0
642 1409 5.0
642 1478 5.0
642 695 4.0
642 341 5.0
642 1694 5.0
642 477 5.0
642 843 4.0
643 342 4.0
643 1175 5.0
643 388 3.0
643 1083 3.0
643 1595 4.0
644 1141 3.0
644 1358 4.0
644 1365 4.0
644 406 5.0
644 1757 5.0
644 1811 4.0
644 1791 4.0
644 346 5.0
644 1756 4.0
645 579 5.0
645 1197 5.0
645 347 4.0
645 888 5.0
645 733 5.0
645 1335 5.0
645 662 5.0
646 882 5.0
646 561 4.0
646 349 5.0
646 1433 5.0
646 401 5.0
647 399 5.0
647 350 5.0
647 1292 5.0
647 1089 5.0
647 914 5.0
647 392 5.0
647 1305 5.0
647 882 5.0
647 1433 5.0
647 1556 5.0
648 351 5.0
648 1760 5.0
648 391 5.0
648 1198 5.0
648 401 5.0
649 1617 4.0
649 351 5.0
649 400 4.0
649 540 4.0
649 1134 5.0
650 1195 5.0
650 351 4.0
650 477 5.0
650 1089 4.0
650 1090 2.0
650 1198 5.0
651 1717 5.0
651 939 4.0
651 1229 5.0
651 1389 5.0
651 392 5.0
651 1145 5.0
651 1516 5.0
651 689 5.0
651 1109 5.0
651 352 5.0
651 905 5.0
651 944 4.0
651 1244 5.0
651 656 5.0
652 1089 5.0
652 1551 2.0
652 1177 3.0
652 353 5.0
652 664 5.0
652 586 5.0
653 1116 1.0
653 823 1.0
653 395 5.0
653 1427 5.0
653 1293 5.0
653 353 5.0
654 475 5.0
654 818 1.0
654 1146 5.0
654 354 5.0
654 541 3.0
655 1500 5.0
656 525 5.0
656 1506 5.0
656 477 5.0
656 1694 5.0
656 359 5.0
657 1516 5.0
657 1308 3.0
657 605 5.0
657 1708 5.0
657 359 5.0
657 1574 5.0
658 1147 4.0
658 444 5.0
658 1347 5.0
658 1083 5.0
658 361 5.0
658 1121 2.0
658 1647 2.0
658 806 3.0
658 1084 5.0
658 1627 5.0
658 1349 5.0
658 1378 4.0
658 1677 5.0
658 941 3.0
658 436 5.0
659 501 5.0
659 1028 5.0
659 948 4.0
659 372 5.0
659 951 5.0
660 1578 5.0
660 1652 5.0
660 1235 5.0
660 1455 5.0
660 374 5.0
661 1085 5.0
661 1292 5.0
661 706 5.0
661 1655 5.0
661 705 5.0
661 1650 5.0
661 477 5.0
661 377 5.0
661 548 5.0
661 1293 5.0
662 625 5.0
662 378 5.0
662 684 5.0
662 1557 4.0
662 820 5.0
663 1027 5.0
664 1627 5.0
664 502 5.0
664 379 5.0
664 501 5.0
664 814 4.0
665 379 4.0
665 695 4.0
665 405 4.0
665 1549 4.0
665 1437 4.0
665 1676 4.0
666 883 4.0
666 380 3.0
666 557 4.0
666 879 3.0
666 1229 4.0
667 1169 3.0
667 1061 5.0
667 381 3.0
667 1024 5.0
667 1763 5.0
668 1223 5.0
668 1435 5.0
668 1352 3.0
668 1300 5.0
668 1442 1.0
668 381 5.0
669 942 3.0
670 1446 5.0
670 1206 5.0
670 381 5.0
670 1416 5.0
670 1495 5.0
671 882 5.0
671 1234 5.0
671 705 5.0
671 805 5.0
671 1382 5.0
671 382 4.0
672 480 5.0
672 1603 5.0
672 382 3.0
672 1751 5.0
672 1294 1.0
672 1372 5.0
673 1089 5.0
673 559 5.0
673 863 4.0
673 870 4.0
673 557 5.0
673 1117 4.0
673 385 4.0
673 552 5.0
673 558 4.0
673 1116 2.0
673 904 4.0
674 628 5.0
674 1320 5.0
674 1766 5.0
674 388 5.0
674 466 5.0
674 1625 5.0
675 684 5.0
675 1584 5.0
675 1096 5.0
675 389 5.0
675 1634 4.0
676 401 5.0
676 389 5.0
676 1109 5.0
676 925 5.0
676 554 5.0
677 566 2.0
677 562 3.0
677 1291 4.0
677 482 4.0
677 556 4.0
677 1292 4.0
677 1088 5.0
677 1303 4.0
677 397 3.0
677 1496 5.0
678 403 4.0
679 681 5.0
679 417 5.0
679 605 5.0
679 406 5.0
679 1764 5.0
680 1823 3.0
680 1757 4.0
680 1686 3.0
680 1656 4.0
680 866 1.0
680 406 1.0
681 954 5.0
681 936 5.0
681 1366 5.0
681 406 5.0
681 764 5.0
682 1465 5.0
682 1565 5.0
682 406 3.0
682 1438 5.0
682 1436 2.0
683 466 5.0
683 1755 5.0
683 755 5.0
683 1833 3.0
683 406 5.0
684 455 5.0
684 826 5.0
684 466 5.0
684 1676 5.0
684 406 4.0
685 1231 5.0
685 1621 5.0
685 1769 5.0
685 585 5.0
685 406 1.0
686 1228 5.0
687 1569 5.0
688 1622 5.0
688 767 5.0
688 792 5.0
688 828 5.0
688 537 5.0
688 409 5.0
689 416 5.0
689 1440 4.0
689 1012 3.0
689 1574 5.0
689 1600 4.0
690 1810 5.0
691 1666 3.0
691 911 4.0
691 1414 4.0
691 477 4.0
691 420 4.0
692 789 5.0
693 607 5.0
693 1081 5.0
693 524 5.0
693 427 5.0
693 983 5.0
694 605 5.0
694 432 3.0
694 1695 5.0
694 1240 5.0
694 525 3.0
695 755 5.0
695 1356 4.0
695 1132 4.0
695 835 4.0
695 440 1.0
696 913 5.0
696 794 5.0
696 1574 4.0
696 441 5.0
696 1434 5.0
697 446 5.0
697 991 5.0
697 1596 5.0
697 1050 1.0
697 467 5.0
698 1647 5.0
698 1622 5.0
698 1662 5.0
698 449 5.0
698 1532 5.0
699 451 5.0
699 452 5.0
699 1223 5.0
699 450 5.0
699 1422 3.0
699 825 5.0
700 1587 5.0
701 1479 5.0
702 1827 4.0
702 1166 4.0
702 1771 4.0
702 1266 5.0
702 1791 4.0
702 1656 5.0
702 459 4.0
702 1269 4.0
702 954 1.0
702 1828 3.0
702 1267 4.0
702 1684 4.0
703 1514 5.0
703 1751 4.0
703 460 5.0
703 885 4.0
703 941 2.0
704 985 3.0
704 460 2.0
704 462 5.0
704 616 5.0
704 501 5.0
704 499 4.0
705 1358 4.0
705 945 4.0
705 1204 5.0
705 467 4.0
705 1499 5.0
705 1378 4.0
705 980 3.0
706 1297 5.0
706 492 5.0
706 474 5.0
706 932 5.0
706 602 5.0
707 1503 5.0
707 502 5.0
707 699 5.0
707 504 4.0
707 476 5.0
708 1830 4.0
709 1084 2.0
709 1224 5.0
709 1394 4.0
709 1673 5.0
709 477 5.0
709 1014 5.0
710 801 4.0
710 477 5.0
710 1437 2.0
710 1297 5.0
710 962 4.0
710 511 5.0
710 1400 5.0
711 477 5.0
711 705 5.0
711 602 5.0
711 1294 3.0
711 806 3.0
712 1447 4.0
712 635 4.0
712 1171 4.0
712 1549 5.0
712 1254 4.0
712 477 5.0
713 477 5.0
713 1378 5.0
713 1409 5.0
713 1176 5.0
713 506 5.0
713 705 5.0
713 1213 5.0
714 705 5.0
714 477 5.0
714 602 5.0
714 478 5.0
714 1478 2.0
715 1547 5.0
715 1728 5.0
715 1169 3.0
715 1807 2.0
715 1265 4.0
715 1756 5.0
715 1437 3.0
715 1770 5.0
715 481 5.0
716 1719 5.0
716 1687 5.0
716 485 5.0
716 1431 2.0
716 1645 1.0
716 1532 5.0
717 679 5.0
717 1437 4.0
717 1619 5.0
717 491 1.0
717 505 5.0
718 1623 5.0
719 1400 5.0
719 1793 5.0
719 1581 5.0
719 493 5.0
719 1399 5.0
720 985 5.0
720 980 4.0
720 598 4.0
720 497 5.0
720 662 5.0
720 1358 4.0
721 545 5.0
721 498 5.0
721 629 5.0
721 717 2.0
721 1211 5.0
722 500 5.0
722 712 5.0
722 717 5.0
722 1050 5.0
722 1574 5.0
723 502 4.0
723 623 4.0
723 1438 5.0
723 1281 4.0
723 1712 3.0
724 1507 5.0
724 503 5.0
724 1059 5.0
724 1057 5.0
724 1068 5.0
725 1378 5.0
725 1730 2.0
725 1604 5.0
725 506 3.0
725 800 5.0
725 884 5.0
725 1834 5.0
726 1227 4.0
727 510 5.0
727 1516 2.0
727 675 5.0
727 554 5.0
727 512 5.0
728 1557 4.0
728 513 5.0
728 741 1.0
728 1378 5.0
728 1409 5.0
729 739 5.0
729 1437 5.0
729 1778 4.0
729 1504 5.0
729 520 5.0
730 1519 5.0
730 788 5.0
730 520 5.0
730 1141 5.0
730 1402 5.0
730 1478 5.0
731 1279 5.0
731 1757 3.0
731 1791 3.0
731 719 5.0
731 520 5.0
731 873 5.0
732 1543 5.0
732 1546 5.0
732 995 4.0
732 523 1.0
732 914 3.0
733 1599 2.0
733 1184 2.0
733 1409 4.0
733 1209 5.0
733 524 5.0
733 1408 5.0
734 743 5.0
735 526 5.0
735 1297 3.0
735 1296 5.0
735 975 5.0
735 1273 2.0
736 531 4.0
736 677 4.0
736 1482 5.0
736 705 5.0
736 800 2.0
737 543 5.0
737 1127 3.0
737 1131 5.0
737 532 5.0
737 1574 5.0
738 1664 5.0
738 532 5.0
738 742 5.0
738 878 5.0
738 578 2.0
739 1141 5.0
739 831 4.0
739 1334 5.0
739 539 5.0
739 1822 2.0
739 1302 5.0
739 534 5.0
739 1316 5.0
740 867 4.0
740 981 5.0
740 1012 5.0
740 1030 5.0
740 542 5.0
741 1106 4.0
741 1594 4.0
741 747 5.0
741 1486 5.0
741 542 5.0
742 1141 4.0
742 1826 4.0
742 543 4.0
742 1166 5.0
742 1770 4.0
743 612 5.0
744 855 5.0
744 1294 5.0
744 1253 4.0
744 1097 4.0
744 549 4.0
744 1530 4.0
744 970 5.0
745 656 5.0
745 1198 2.0
745 1005 5.0
745 551 5.0
745 783 3.0
745 1024 5.0
746 1089 3.0
746 782 5.0
746 939 5.0
746 1645 3.0
746 1688 5.0
746 1117 5.0
746 551 5.0
746 566 5.0
746 564 5.0
746 1118 5.0
747 828 5.0
747 704 5.0
747 1229 5.0
747 792 5.0
747 556 5.0
748 563 5.0
748 665 5.0
748 1229 5.0
748 1707 5.0
748 1827 5.0
748 586 5.0
749 808 5.0
749 1807 5.0
749 1614 4.0
749 565 5.0
749 954 3.0
749 1269 5.0
750 1134 4.0
750 1109 5.0
750 594 5.0
750 1116 4.0
750 567 5.0
751 639 3.0
751 1606 5.0
751 571 4.0
751 1153 3.0
751 876 5.0
752 880 4.0
753 1135 5.0
753 578 5.0
753 1694 5.0
753 773 4.0
753 1083 4.0
753 599 5.0
753 1585 5.0
754 1615 4.0
755 1465 5.0
755 1651 5.0
755 1438 4.0
755 584 4.0
755 1212 5.0
756 1396 5.0
756 901 4.0
756 1111 4.0
756 900 4.0
756 1524 4.0
756 1216 5.0
756 587 4.0
757 1066 5.0
758 971 5.0
758 602 5.0
758 1381 5.0
758 888 5.0
758 1409 5.0
758 1548 5.0
758 1584 5.0
758 1294 5.0
758 705 5.0
758 600 5.0
758 707 5.0
758 823 5.0
758 1382 5.0
759 1630 5.0
759 1378 5.0
759 718 5.0
759 1492 5.0
759 602 5.0
760 1478 5.0
760 1806 5.0
760 602 5.0
760 705 5.0
760 919 5.0
761 759 5.0
761 1729 5.0
761 1131 5.0
761 700 5.0
761 603 5.0
762 1052 5.0
762 1054 5.0
762 736 4.0
762 933 5.0
762 1144 3.0
762 611 3.0
763 1382 4.0
763 1402 4.0
763 613 4.0
763 1184 4.0
763 618 5.0
763 1149 4.0
764 1834 5.0
764 614 5.0
764 1751 5.0
764 1525 3.0
764 773 5.0
765 1788 4.0
765 773 5.0
765 614 2.0
765 841 5.0
765 1711 5.0
766 619 4.0
767 1477 4.0
767 620 4.0
767 775 4.0
767 1816 4.0
767 1122 4.0
767 1800 5.0
768 1202 5.0
769 844 5.0
769 684 5.0
769 982 5.0
769 626 4.0
769 1158 3.0
770 641 2.0
770 876 5.0
770 700 5.0
770 1740 5.0
770 1360 5.0
771 801 4.0
771 855 4.0
771 1106 3.0
771 1452 3.0
771 646 5.0
771 848 4.0
772 1798 5.0
772 1577 3.0
772 647 5.0
772 936 2.0
772 1402 5.0
773 1706 4.0
774 656 5.0
774 1039 4.0
774 912 3.0
774 782 5.0
774 783 4.0
775 992 5.0
775 662 4.0
775 1542 4.0
775 716 1.0
775 1071 2.0
776 1141 5.0
776 662 5.0
776 1233 5.0
776 910 3.0
776 1542 5.0
777 1044 5.0
777 1437 3.0
777 1450 5.0
777 1263 5.0
777 664 4.0
777 1513 5.0
778 671 5.0
779 1431 4.0
779 915 3.0
779 1567 5.0
779 1585 5.0
779 675 5.0
780 1793 5.0
780 1034 5.0
780 1405 4.0
780 681 5.0
780 856 4.0
780 1452 5.0
781 925 1.0
781 695 1.0
781 927 5.0
781 1453 2.0
781 1499 5.0
782 1397 5.0
782 1512 5.0
782 700 4.0
782 1597 5.0
782 1170 5.0
782 1300 5.0
783 899 5.0
783 701 5.0
783 1390 5.0
783 1195 5.0
783 811 5.0
784 705 5.0
784 1103 5.0
784 1378 5.0
784 1476 5.0
784 1282 5.0
784 800 1.0
784 802 1.0
784 1595 5.0
785 1555 3.0
785 1712 1.0
785 1596 4.0
785 705 5.0
785 1409 5.0
786 1046 4.0
786 1194 5.0
786 720 5.0
786 1043 5.0
786 1790 5.0
787 723 4.0
787 1089 4.0
787 1668 2.0
787 735 4.0
787 1690 3.0
787 1391 5.0
787 1374 5.0
788 1721 4.0
788 1722 3.0
788 1141 4.0
788 729 5.0
788 1656 2.0
789 1624 5.0
789 1000 5.0
789 848 5.0
789 855 5.0
789 1437 5.0
789 916 5.0
789 745 5.0
789 1418 5.0
790 1670 5.0
791 1249 5.0
791 807 4.0
791 750 5.0
791 1000 5.0
791 1279 4.0
791 1484 5.0
791 847 5.0
792 917 4.0
792 855 5.0
792 1000 4.0
792 1402 5.0
792 1809 5.0
792 848 5.0
792 1410 3.0
792 763 5.0
793 866 5.0
793 1682 5.0
793 764 5.0
793 1269 4.0
793 1594 5.0
793 1564 5.0
793 1268 4.0
793 1501 5.0
794 764 4.0
794 1510 5.0
794 1725 5.0
794 1040 5.0
794 1701 5.0
795 893 5.0
795 1205 5.0
795 933 5.0
795 932 5.0
795 1297 5.0
795 989 5.0
795 801 5.0
796 1783 5.0
796 807 5.0
796 1448 5.0
796 1034 5.0
796 959 5.0
796 856 5.0
797 1576 3.0
797 808 5.0
797 1796 4.0
797 1585 5.0
797 1302 5.0
798 1791 4.0
798 1756 4.0
798 814 5.0
798 913 5.0
798 1721 5.0
798 1752 4.0
798 1052 3.0
798 1725 4.0
799 814 5.0
799 1629 5.0
799 909 5.0
799 1612 5.0
799 832 5.0
800 980 3.0
800 1741 5.0
800 1464 4.0
800 844 5.0
800 1825 5.0
800 1044 4.0
800 814 5.0
800 982 2.0
801 837 3.0
801 1405 5.0
801 847 5.0
801 930 4.0
801 855 3.0
802 1063 5.0
802 966 4.0
802 1452 5.0
802 847 4.0
802 1307 5.0
802 1530 4.0
803 1581 5.0
803 966 5.0
803 1520 5.0
803 1286 5.0
803 847 5.0
804 1448 5.0
804 966 5.0
804 1530 4.0
804 847 5.0
804 1683 5.0
804 1783 5.0
804 1793 5.0
804 959 5.0
805 1084 5.0
805 1034 4.0
805 1103 5.0
805 847 5.0
805 1518 5.0
805 1599 5.0
806 847 5.0
806 1809 4.0
806 1405 5.0
806 1287 4.0
806 1783 5.0
807 968 4.0
807 1418 5.0
807 855 5.0
807 916 5.0
807 848 5.0
807 917 5.0
808 1683 5.0
808 1474 5.0
808 1405 4.0
808 1530 5.0
808 855 5.0
809 1805 5.0
809 855 3.0
809 917 5.0
809 1575 5.0
809 1327 3.0
809 1474 4.0
809 968 4.0
810 1405 5.0
810 970 3.0
810 855 3.0
810 966 3.0
810 1575 5.0
810 1150 5.0
811 1393 5.0
812 855 4.0
812 1034 5.0
812 1410 2.0
812 970 1.0
812 1793 5.0
813 1287 5.0
813 1410 5.0
813 931 5.0
813 857 5.0
813 970 5.0
813 1326 5.0
813 977 5.0
813 1034 5.0
814 1739 5.0
815 1701 4.0
815 1686 5.0
815 866 4.0
815 1567 4.0
815 1167 4.0
816 1656 4.0
816 866 4.0
816 1366 4.0
816 1756 4.0
816 1725 4.0
816 1785 4.0
816 1817 3.0
816 1831 3.0
816 1827 4.0
817 1656 4.0
817 1686 5.0
817 1770 4.0
817 1237 4.0
817 866 3.0
818 1757 5.0
818 1813 5.0
818 1686 2.0
818 1758 5.0
818 954 3.0
818 866 5.0
818 1289 5.0
818 1826 4.0
819 1594 3.0
819 1686 5.0
819 866 5.0
819 1831 4.0
819 1820 5.0
820 873 5.0
820 1770 5.0
820 866 5.0
820 1752 5.0
820 1239 5.0
821 934 5.0
821 1199 5.0
821 932 5.0
821 876 5.0
821 974 5.0
822 1134 4.0
822 1198 4.0
822 1112 5.0
822 904 5.0
822 1329 4.0
823 1421 5.0
823 1436 5.0
823 913 5.0
823 1435 5.0
823 1330 5.0
823 1719 5.0
824 1734 5.0
824 1299 4.0
824 930 5.0
824 1307 4.0
824 1764 5.0
825 1834 2.0
825 1452 5.0
825 930 5.0
825 1326 5.0
825 1764 5.0
826 1480 5.0
826 1400 3.0
826 1205 4.0
826 1399 5.0
826 933 3.0
827 1452 5.0
827 1000 3.0
827 1683 5.0
827 1530 4.0
827 1037 4.0
827 935 2.0
827 1401 3.0
828 1069 4.0
829 1752 1.0
829 1294 5.0
829 1050 4.0
829 958 5.0
829 1439 5.0
829 1552 4.0
829 1578 4.0
830 963 3.0
830 1237 3.0
830 995 4.0
830 1365 5.0
830 1827 5.0
830 1791 3.0
830 1770 4.0
830 1786 4.0
830 1813 4.0
831 1358 4.0
831 1435 5.0
831 1084 3.0
831 1712 2.0
831 1005 1.0
832 1324 5.0
832 1741 4.0
832 1032 5.0
832 1038 5.0
832 1141 5.0
833 1772 5.0
833 1333 1.0
833 1249 5.0
833 1302 5.0
833 1038 1.0
834 1641 5.0
834 1602 5.0
834 1285 5.0
834 1051 5.0
834 1603 4.0
835 1058 5.0
835 1098 5.0
835 1059 5.0
835 1364 1.0
835 1482 5.0
836 1182 5.0
837 1141 3.0
837 1827 4.0
837 1757 4.0
837 1684 4.0
837 1738 4.0
837 1062 5.0
838 1668 4.0
838 1671 4.0
838 1093 5.0
838 1424 4.0
838 1522 4.0
839 1812 4.0
840 1669 5.0
840 1782 5.0
840 1485 5.0
840 1628 5.0
840 1138 5.0
841 1366 5.0
841 1141 5.0
841 1365 5.0
841 1760 5.0
841 1151 5.0
841 1368 5.0
842 1437 4.0
842 1662 3.0
842 1435 5.0
842 1160 5.0
842 1438 5.0
842 1440 5.0
842 1431 5.0
842 1646 5.0
843 1577 5.0
843 1163 2.0
843 1827 4.0
843 1166 5.0
843 1701 5.0
844 1735 5.0
844 1572 4.0
844 1685 3.0
844 1366 5.0
844 1365 4.0
844 1510 5.0
844 1166 4.0
844 1791 1.0
844 1304 4.0
845 1304 4.0
845 1826 5.0
845 1167 5.0
845 1237 4.0
845 1757 5.0
845 1367 5.0
846 1762 5.0
846 1818 3.0
846 1200 4.0
846 1700 4.0
846 1817 5.0
847 1274 3.0
848 1268 5.0
848 1288 5.0
848 1755 5.0
848 1754 5.0
848 1735 5.0
849 1358 5.0
849 1431 5.0
849 1316 5.0
849 1748 5.0
849 1523 5.0
850 1726 3.0
851 1816 2.0
851 1761 4.0
851 1817 5.0
851 1686 5.0
851 1660 4.0
851 1477 5.0
852 1738 5.0
852 1816 5.0
852 1505 4.0
852 1755 5.0
852 1761 5.0
853 1701 5.0
853 1791 2.0
853 1752 5.0
853 1827 5.0
853 1821 5.0
853 1510 5.0
854 1665 5.0
854 1605 5.0
854 1668 5.0
854 1551 5.0
854 1640 5.0
854 1666 5.0
855 1671 4.0
855 1675 4.0
855 1769 4.0
855 1768 4.0
855 1704 2.0
856 1816 4.0
856 1684 3.0
856 1831 4.0
856 1817 5.0
856 1818 3.0
857 1822 4.0
857 1755 5.0
857 1752 5.0
857 1817 5.0
857 1807 3.0
