8 96 5
8 95 4
8 87 5
8 81 4
8 27 5
8 68 5
8 49 4
8 97 5
8 14 5
8 70 4
8 3 5
8 126 4
8 132 4
8 142 5
8 156 5
8 158 4
8 160 5
8 167 4
8 169 4
8 171 4
8 173 5
8 190 5
8 199 1
8 131 5
8 194 4
8 275 4
8 470 5
8 195 5
8 203 5
8 214 4
8 215 5
8 227 4
8 237 5
8 241 5
8 281 5
8 299 4
8 317 5
8 380 4
8 202 3
8 401 5
8 391 4
8 753 4
8 752 5
8 734 5
8 707 3
8 327 4
8 590 5
8 479 4
8 201 4
8 415 3
8 683 5
11 8 5
11 6 5
11 232 5
11 7 5
11 3 5
11 10 5
11 27 5
11 11 5
11 21 5
11 26 2
11 30 5
11 50 4
11 32 2
11 54 5
11 55 5
11 69 4
11 86 4
11 38 5
11 63 5
11 65 4
11 68 5
11 70 5
11 75 5
11 99 5
11 57 4
11 88 2
11 91 4
11 94 5
11 95 5
11 97 5
11 98 5
11 78 5
11 14 5
11 154 3
11 0 5
11 134 4
11 177 5
11 143 5
11 150 5
11 151 4
11 229 5
11 133 4
11 142 5
11 171 5
11 159 4
11 160 5
11 163 5
11 167 4
11 155 4
11 157 4
11 108 4
11 173 5
11 179 5
11 126 5
11 124 3
11 227 5
11 226 5
11 215 5
11 208 5
11 196 5
11 201 5
11 198 5
11 194 5
11 193 5
11 190 5
11 182 5
11 181 5
11 199 5
11 203 5
11 207 5
11 628 4
11 503 5
11 239 4
11 272 5
11 281 5
11 283 1
11 285 2
11 403 5
11 409 5
11 301 5
11 317 5
11 320 3
11 356 5
11 366 3
11 384 5
11 293 4
11 299 5
11 287 3
11 470 3
11 233 5
11 442 5
11 426 5
11 466 5
11 446 5
11 468 3
11 417 5
11 481 5
11 478 5
11 479 5
11 495 5
11 422 5
11 497 5
11 501 4
11 475 3
11 508 2
11 447 5
11 530 5
11 545 4
11 563 1
11 582 4
11 590 4
11 601 5
11 602 5
11 691 4
11 692 4
11 641 5
11 653 5
11 654 5
11 656 5
11 660 4
11 939 2
11 605 4
11 704 5
11 683 5
11 942 3
11 760 2
11 734 3
11 769 3
11 811 2
11 938 4
11 509 4
11 731 5
11 940 1
11 943 1
11 944 4
11 945 5
11 946 4
11 947 3
11 236 5
11 941 4
17 6 4
17 7 5
17 8 5
17 10 5
17 11 5
17 24 4
17 91 5
17 54 5
17 55 4
17 57 3
17 63 5
17 68 5
17 40 5
17 70 5
17 96 4
17 172 5
17 99 5
17 78 4
17 152 4
17 108 3
17 116 4
17 126 5
17 128 3
17 236 4
17 131 3
17 175 5
17 179 5
17 190 5
17 199 5
17 215 4
17 97 5
17 177 5
17 222 5
17 150 5
17 237 5
17 293 3
17 371 4
17 257 4
17 274 5
17 275 5
17 285 5
17 401 4
17 287 3
17 317 5
17 323 5
17 356 5
17 357 3
17 366 2
17 654 5
17 299 4
17 661 5
17 288 3
17 248 4
17 426 5
17 474 4
17 476 5
17 485 3
17 517 4
17 581 4
17 726 3
17 507 4
17 420 5
17 728 5
17 741 4
17 762 5
17 918 3
17 1006 5
17 698 3
26 327 3
26 242 2
26 257 2
26 258 4
26 263 2
26 325 3
26 320 3
26 321 3
26 326 3
26 265 3
26 241 2
26 260 3
26 299 5
26 1024 3
26 331 4
26 357 1
26 679 4
26 747 4
26 875 2
26 677 3
26 876 2
26 878 4
26 936 4
26 332 4
26 880 2
27 338 5
27 318 2
27 260 5
27 268 3
27 287 4
27 288 2
27 306 4
27 309 4
27 332 4
27 267 2
27 357 5
27 747 4
27 872 3
27 874 3
27 877 5
27 881 5
27 884 5
27 1025 5
27 681 1
27 882 5
65 258 4
65 268 4
65 269 5
65 241 4
65 303 3
65 288 3
65 299 3
65 285 3
65 325 3
65 287 3
65 318 3
65 682 5
65 326 4
65 257 5
65 871 3
65 878 2
65 1174 5
65 337 1
65 888 5
65 1175 5
65 327 2
65 880 2
65 887 4
71 90 5
71 88 5
71 86 4
71 82 3
71 49 5
71 41 1
71 22 5
71 7 5
71 95 4
71 6 5
71 55 5
71 63 5
71 169 5
71 97 5
71 181 4
71 180 5
71 175 4
71 172 3
71 173 5
71 152 4
71 184 5
71 143 4
71 126 5
71 155 4
71 0 5
71 99 5
71 182 4
71 78 4
71 186 5
71 237 4
71 422 5
71 317 5
71 264 5
71 233 4
71 197 5
71 199 5
71 194 5
71 434 3
71 193 2
71 215 4
71 444 4
71 518 4
71 195 4
71 478 4
71 477 2
71 473 4
71 189 4
71 1231 5
71 672 4
71 644 5
71 1153 5
71 513 4
71 485 3
71 483 5
71 482 5
71 524 2
72 96 5
72 81 4
72 95 5
72 88 5
72 192 4
72 78 5
72 6 5
72 49 5
72 31 5
72 27 5
72 22 5
72 97 4
72 68 5
72 99 2
72 134 5
72 131 5
72 114 5
72 188 4
72 185 3
72 182 5
72 174 5
72 173 4
72 190 5
72 171 4
72 168 5
72 167 4
72 152 5
72 0 4
72 132 1
72 82 1
72 191 1
72 654 5
72 193 3
72 428 4
72 356 5
72 427 4
72 422 5
72 407 5
72 227 5
72 196 3
72 207 5
72 204 2
72 172 3
72 201 5
72 429 5
72 221 5
72 430 3
72 918 5
72 203 5
72 434 4
72 433 4
72 1125 3
72 194 5
72 669 5
72 662 5
72 660 5
72 431 4
72 602 4
72 525 3
72 495 2
72 483 3
72 481 5
72 465 3
90 31 5
90 233 5
90 4 2
90 6 5
90 16 3
90 21 5
90 55 5
90 54 5
90 134 5
90 78 5
90 97 5
90 99 5
90 131 4
90 155 5
90 22 5
90 52 5
90 183 5
90 217 5
90 133 5
90 171 5
90 184 5
90 173 5
90 174 5
90 175 5
90 178 5
90 179 5
90 199 5
90 187 5
90 192 5
90 200 5
90 209 5
90 216 3
90 163 5
90 170 5
90 222 5
90 510 5
90 257 5
90 432 5
90 316 5
90 527 4
90 319 5
90 323 4
90 395 5
90 546 5
90 412 4
90 435 5
90 473 5
90 474 5
90 507 4
90 512 5
90 653 5
90 420 4
90 674 5
90 426 5
90 287 5
90 550 5
90 557 5
90 558 4
90 563 1
90 602 4
90 654 5
90 671 4
90 640 5
90 799 4
90 815 3
90 843 5
90 852 5
90 918 5
90 959 5
90 1078 4
90 773 5
99 309 2
99 241 4
99 244 2
99 257 2
99 268 4
99 269 3
99 301 4
99 285 5
99 287 1
99 299 3
99 303 3
99 271 4
99 306 2
99 267 1
99 302 3
99 994 2
99 747 2
99 322 1
99 1175 4
99 326 3
99 330 2
99 677 1
99 905 5
99 338 2
99 881 2
99 902 2
99 989 2
99 310 3
99 312 3
99 872 1
101 270 5
101 307 4
101 257 5
101 268 4
101 259 1
101 242 3
101 293 3
101 299 3
101 303 3
101 271 5
101 285 2
101 305 4
101 244 3
101 354 2
101 312 3
101 321 2
101 327 3
101 342 2
101 345 3
101 749 4
101 315 4
101 748 4
101 750 3
101 901 3
101 538 1
101 314 4
104 97 5
104 55 5
104 44 5
104 14 4
104 221 4
104 12 4
104 11 5
104 0 4
104 99 5
104 13 3
104 110 4
104 150 4
104 116 4
104 115 2
104 186 5
104 184 4
104 181 4
104 208 4
104 146 4
104 136 5
104 132 4
104 120 4
104 210 4
104 25 5
104 193 5
104 149 3
104 508 4
104 237 5
104 492 4
104 486 3
104 483 4
104 482 5
104 434 5
104 317 5
104 741 4
104 495 4
104 473 5
104 496 5
104 356 4
104 512 5
104 522 5
104 661 4
104 616 4
104 613 4
104 602 4
104 284 4
104 518 5
104 517 4
104 516 4
104 513 5
104 601 4
110 115 5
110 113 5
110 97 3
110 88 5
110 77 1
110 69 5
110 7 4
110 55 5
110 49 5
110 131 4
110 6 5
110 0 4
110 189 2
110 68 5
110 70 5
110 180 5
110 184 1
110 132 5
110 176 2
110 174 4
110 173 5
110 171 5
110 172 5
110 167 5
110 163 4
110 162 4
110 150 4
110 139 1
110 168 5
110 188 4
110 134 5
110 473 5
110 126 1
110 500 4
110 190 1
110 472 5
110 431 5
110 417 3
110 407 5
110 356 5
110 237 4
110 221 4
110 226 4
110 494 4
110 213 5
110 208 5
110 203 3
110 233 3
110 495 3
110 227 4
110 506 5
110 193 5
110 520 1
110 1148 5
110 1038 2
110 1011 4
110 992 4
110 712 3
110 968 4
110 595 5
110 587 4
110 548 3
110 528 5
110 508 5
110 662 5
113 322 2
113 244 2
113 287 3
113 291 3
113 293 3
113 299 2
113 305 5
113 320 4
113 321 2
113 285 4
113 318 3
113 327 2
113 325 2
113 323 2
113 989 3
113 987 2
113 871 3
113 324 2
113 331 2
113 330 3
113 326 2
113 747 2
137 96 3
137 85 4
137 82 5
137 69 4
137 68 4
137 51 4
137 213 4
137 63 5
137 27 4
137 22 4
137 115 5
137 64 5
137 133 3
137 174 2
137 136 5
137 134 4
137 209 4
137 208 4
137 203 2
137 195 4
137 196 4
137 185 4
137 178 5
137 172 5
137 167 5
137 190 5
137 7 5
137 212 4
137 791 5
137 214 3
137 299 4
137 522 3
137 521 3
137 461 5
137 434 4
137 432 4
137 240 3
137 426 5
137 274 5
137 581 1
137 427 4
137 650 5
137 422 4
137 659 5
137 658 5
137 746 4
137 1118 3
137 1064 4
137 735 4
137 734 4
137 215 5
137 709 4
137 706 5
137 693 5
137 662 3
137 731 3
153 55 5
153 49 5
153 48 3
153 43 3
153 39 3
153 22 5
153 24 4
153 14 4
153 3 4
153 0 5
153 133 5
153 69 4
153 27 4
153 64 4
153 95 4
153 71 3
153 151 5
153 72 5
153 78 4
153 87 4
153 93 4
153 96 5
153 97 5
153 98 4
153 104 3
153 113 4
153 120 4
153 131 4
153 152 5
153 68 4
153 126 5
153 172 4
153 229 3
153 173 5
153 184 4
153 181 5
153 180 5
153 179 4
153 178 3
153 175 4
153 162 3
153 134 5
153 171 5
153 167 5
153 166 4
153 186 5
153 160 5
153 159 4
153 185 4
153 187 3
153 194 4
153 196 5
153 199 5
153 153 4
153 203 5
153 204 4
153 207 5
153 234 3
153 209 5
153 210 5
153 215 4
153 218 3
153 221 4
153 201 5
153 233 4
153 57 4
153 237 3
153 402 4
153 501 3
153 256 5
153 299 4
153 275 5
153 289 4
153 300 4
153 301 5
153 314 5
153 326 4
153 356 5
153 379 4
153 391 3
153 392 3
153 513 5
153 401 5
153 403 5
153 446 5
153 500 4
153 410 3
153 483 4
153 482 5
153 481 5
153 450 3
153 464 4
153 442 4
153 434 4
153 422 5
153 419 4
153 418 4
153 254 4
153 863 3
153 273 5
153 242 2
153 731 4
153 526 5
153 567 4
153 628 3
153 630 5
153 650 4
153 653 5
153 654 5
153 656 4
153 522 4
153 678 3
153 683 3
153 691 4
153 707 5
153 721 4
153 661 2
153 516 4
153 734 4
153 1027 3
153 1011 4
153 968 4
153 955 3
153 952 3
153 1117 4
153 831 3
153 820 3
153 791 3
153 762 2
153 754 3
153 750 4
153 925 2
155 228 4
155 41 5
155 30 4
155 24 4
155 12 4
155 6 4
155 11 5
155 10 4
155 7 3
155 47 5
155 1 4
155 169 5
155 49 5
155 78 5
155 131 5
155 63 5
155 68 3
155 69 3
155 0 2
155 96 5
155 97 5
155 99 5
155 105 4
155 116 4
155 117 4
155 120 5
155 124 5
155 126 5
155 55 5
155 54 5
155 213 5
155 23 5
155 221 3
155 179 5
155 175 4
155 174 4
155 173 5
155 171 5
155 153 5
155 163 5
155 156 4
155 155 5
155 150 5
155 181 4
155 143 5
155 180 4
155 211 4
155 184 5
155 186 5
155 191 5
155 192 4
155 193 4
155 194 5
155 196 5
155 198 5
155 199 5
155 203 5
155 212 5
155 217 4
155 134 5
155 142 5
155 132 3
155 172 5
155 830 4
155 507 4
155 237 5
155 251 3
155 256 4
155 257 4
155 272 5
155 273 5
155 280 4
155 283 5
155 285 3
155 501 5
155 293 3
155 317 5
155 356 5
155 404 3
155 392 3
155 431 4
155 470 3
155 482 5
155 446 4
155 477 5
155 473 2
155 478 4
155 462 5
155 457 4
155 447 4
155 454 4
155 1214 1
155 233 4
155 287 4
155 503 5
155 474 4
155 508 4
155 520 4
155 510 4
155 513 5
155 514 4
155 545 4
155 581 4
155 590 4
155 596 5
155 602 5
155 608 4
155 626 4
155 627 5
155 654 4
155 677 4
155 567 4
155 684 3
155 234 1
155 683 4
155 1011 3
155 984 3
155 923 4
155 840 4
155 941 4
155 755 2
155 734 5
155 714 5
155 691 4
155 689 3
155 777 5
162 63 4
162 97 5
162 135 5
162 142 2
162 21 5
162 236 5
162 214 5
162 244 2
162 285 4
162 426 5
162 171 5
162 192 4
162 417 5
162 1202 5
162 477 5
162 193 5
162 481 5
162 491 4
162 509 5
162 565 4
162 479 5
162 603 5
162 704 5
162 1442 4
162 478 4
162 602 5
162 605 5
170 49 3
170 47 5
170 46 5
170 30 3
170 22 5
170 7 3
170 11 2
170 256 4
170 3 3
170 55 5
170 13 4
170 57 3
170 97 5
170 63 5
170 68 5
170 69 5
170 70 5
170 81 4
170 88 3
170 90 3
170 94 5
170 96 5
170 98 3
170 56 5
170 99 4
170 116 3
170 186 4
170 128 3
170 176 4
170 191 5
170 190 4
170 248 5
170 179 5
170 134 4
170 173 5
170 167 5
170 142 4
170 193 4
170 192 4
170 8 5
170 222 4
170 196 5
170 201 5
170 202 3
170 203 5
170 204 4
170 207 4
170 211 5
170 214 5
170 215 5
170 233 4
170 126 5
170 195 5
170 120 4
170 132 5
170 1193 5
170 274 5
170 500 3
170 275 5
170 292 4
170 303 5
170 312 5
170 317 5
170 356 5
170 370 5
170 374 4
170 377 4
170 380 4
170 285 3
170 431 3
170 434 5
170 461 5
170 477 5
170 481 4
170 498 3
170 482 5
170 497 5
170 494 4
170 422 4
170 260 5
170 417 4
170 503 5
170 491 5
170 505 5
170 805 4
170 508 4
170 510 5
170 514 5
170 522 4
170 526 5
170 527 5
170 567 5
170 583 4
170 587 5
170 602 4
170 613 4
170 520 5
170 632 5
170 622 3
170 957 5
170 922 4
170 827 4
170 734 5
170 844 4
170 653 4
170 646 5
170 643 5
170 639 2
170 659 5
170 268 5
173 8 4
173 152 3
173 22 4
173 57 4
173 63 5
173 82 4
173 97 4
173 126 5
173 133 5
173 27 4
173 186 3
173 168 5
173 189 4
173 184 4
173 182 5
173 178 4
173 177 4
173 175 3
173 179 4
173 190 4
173 198 4
173 173 4
173 196 4
173 99 5
173 210 4
173 482 5
173 356 4
173 285 3
173 407 5
173 422 4
173 473 5
173 478 5
173 484 4
173 488 4
173 497 4
173 527 5
173 493 4
173 512 5
173 501 4
173 237 4
173 704 3
173 658 4
173 1191 5
173 602 5
173 524 4
173 513 4
173 655 4
173 498 2
174 8 5
174 80 3
174 9 5
174 11 5
174 13 5
174 38 5
174 41 5
174 57 5
174 46 2
174 49 5
174 55 4
174 63 1
174 64 5
174 68 1
174 7 5
174 44 5
174 78 3
174 90 4
174 171 4
174 95 5
174 97 5
174 99 3
174 115 5
174 123 5
174 131 5
174 132 3
174 45 4
174 133 5
174 136 5
174 149 5
174 151 3
174 161 5
174 426 5
174 167 4
174 170 5
174 134 5
174 88 4
174 173 4
174 304 4
174 194 5
174 182 5
174 227 2
174 185 1
174 186 5
174 189 1
174 193 5
174 184 4
174 180 3
174 197 5
174 203 3
174 204 3
174 206 5
174 207 3
174 208 5
174 209 4
174 420 5
174 202 1
174 179 5
174 220 5
174 268 5
174 241 5
174 267 2
174 174 5
174 271 5
174 275 5
174 285 1
174 287 2
174 237 5
174 299 1
174 311 2
174 316 5
174 317 1
174 339 5
174 381 3
174 418 3
174 303 1
174 233 3
174 164 5
174 113 3
174 178 5
174 588 3
174 431 5
174 432 5
174 433 5
174 442 5
174 461 5
174 462 5
174 473 5
174 492 5
174 530 5
174 478 5
174 481 3
174 482 5
174 483 5
174 487 5
174 490 5
174 491 3
174 477 5
174 496 4
174 474 5
174 512 5
174 427 5
174 503 4
174 511 5
174 504 5
174 506 5
174 507 5
174 508 5
174 497 4
174 510 5
174 513 1
174 515 5
174 517 3
174 527 5
174 528 5
174 529 5
174 498 5
174 526 5
174 557 5
174 488 5
174 602 5
174 604 4
174 611 5
174 658 3
174 632 5
174 633 4
174 646 5
174 649 5
174 651 5
174 653 5
174 662 5
174 670 5
174 674 5
174 1331 3
174 689 1
174 700 5
174 704 4
174 735 5
174 744 5
174 752 5
174 631 5
174 1097 5
174 920 5
174 922 5
174 953 5
174 835 5
174 960 5
174 1019 3
174 1055 5
174 854 5
174 1064 5
174 1098 5
174 1114 2
174 1191 1
174 1202 5
174 1203 4
174 1244 5
174 429 3
174 1069 5
193 81 4
193 78 4
193 68 5
193 63 5
193 57 4
193 30 4
193 270 1
193 27 3
193 22 3
193 85 4
193 21 5
193 49 5
193 86 4
193 126 4
193 142 5
193 96 4
193 97 4
193 98 3
193 99 5
193 116 3
193 124 4
193 131 5
193 132 5
193 133 5
193 134 5
193 94 5
193 135 4
193 95 4
193 143 4
193 173 5
193 161 5
193 140 5
193 182 4
193 194 5
193 193 5
193 187 5
193 185 4
193 162 5
193 179 4
193 180 4
193 176 4
193 175 5
193 167 5
193 196 4
193 0 5
193 195 4
193 198 5
193 201 4
193 203 4
193 204 5
193 209 3
193 221 4
193 233 4
193 236 2
193 244 4
193 249 2
193 257 3
193 259 2
193 152 3
193 264 4
193 268 4
193 587 3
193 271 5
193 431 2
193 299 3
193 510 5
193 314 4
193 315 5
193 317 5
193 321 3
193 327 4
193 332 2
193 356 5
193 377 5
193 415 5
193 418 5
193 513 3
193 422 5
193 433 4
193 483 4
193 497 5
193 434 4
193 495 5
193 494 5
193 509 4
193 485 4
193 482 5
193 481 4
193 479 3
193 464 4
193 214 4
193 322 1
193 698 4
193 442 5
193 293 2
193 519 3
193 520 3
193 522 5
193 525 5
193 526 5
193 527 4
193 542 5
193 567 4
193 601 4
193 613 3
193 621 4
193 645 5
193 647 5
193 660 5
193 514 5
193 661 4
193 1450 4
193 1443 3
193 1125 5
193 1019 3
193 891 3
193 920 3
193 1472 5
193 878 2
193 731 5
193 689 5
193 677 2
193 885 2
199 55 5
199 49 4
199 47 4
199 31 4
199 21 5
199 11 5
199 10 4
199 7 4
199 193 5
199 22 5
199 68 4
199 186 5
199 95 5
199 78 5
199 177 5
199 174 5
199 173 5
199 133 5
199 132 1
199 126 5
199 97 4
199 192 4
199 171 4
199 41 4
199 182 4
199 199 5
199 468 5
199 650 4
199 356 5
199 316 4
199 287 4
199 237 5
199 210 5
199 209 5
199 204 5
199 203 4
199 233 4
199 422 4
199 207 4
199 473 5
199 200 3
199 482 5
199 1100 5
199 771 2
199 745 3
199 1392 2
199 603 4
199 520 5
199 513 5
199 497 4
199 653 5
204 299 4
204 307 1
204 303 5
204 300 3
204 309 4
204 322 3
204 288 3
204 287 4
204 258 3
204 257 2
204 321 4
204 293 3
204 270 5
204 747 5
204 681 3
204 325 1
204 332 3
204 337 2
204 341 1
204 537 4
204 331 4
204 876 4
204 937 2
204 988 2
204 330 3
204 689 5
216 23 4
216 349 4
216 0 5
216 6 4
216 9 3
216 20 3
216 120 5
216 99 4
216 78 4
216 92 4
216 104 3
216 108 4
216 110 4
216 263 2
216 116 4
216 49 5
216 122 4
216 239 3
216 124 3
216 117 3
216 126 5
216 146 4
216 147 3
216 150 5
216 180 5
216 221 4
216 236 4
216 244 3
216 245 4
216 247 5
216 248 5
216 249 5
216 251 4
216 253 3
216 254 3
216 121 3
216 299 4
216 119 2
216 267 4
216 268 5
216 270 5
216 272 3
216 275 4
216 281 3
216 285 5
216 280 3
216 287 5
216 290 2
216 292 4
216 293 4
216 294 4
216 297 5
216 346 5
216 298 3
216 327 4
216 300 4
216 306 3
216 259 4
216 312 5
216 321 1
216 322 3
216 323 4
216 324 3
216 326 3
216 256 3
216 330 4
216 332 4
216 333 4
216 339 4
216 341 3
216 342 4
216 257 3
216 345 3
216 331 3
216 234 3
216 1011 4
216 894 4
216 357 2
216 751 3
216 362 1
216 404 4
216 405 2
216 409 4
216 410 3
216 412 3
216 470 4
216 471 3
216 474 5
216 475 3
216 482 4
216 507 4
216 514 5
216 519 5
216 534 4
216 454 3
216 677 2
216 353 3
216 675 3
216 545 4
216 546 3
216 596 3
216 602 5
216 618 3
216 543 4
216 688 3
216 681 3
216 750 4
216 741 4
216 742 2
216 538 4
216 748 3
216 537 5
216 822 3
216 747 3
216 825 1
216 828 3
216 830 3
216 839 3
216 871 4
216 875 3
216 878 4
216 824 3
216 901 4
216 925 3
216 927 3
216 929 3
216 930 3
216 978 3
216 985 3
216 1015 4
216 826 1
216 1006 4
216 880 3
216 1012 2
216 1013 2
216 1010 2
216 1027 3
216 1046 3
216 1066 4
216 1080 3
216 1087 1
216 1088 2
216 1078 2
216 1131 4
216 1133 3
216 1160 3
216 1198 2
216 1244 3
216 354 4
216 1253 3
218 78 5
218 70 5
218 68 4
218 57 4
218 49 5
218 8 4
218 22 4
218 21 4
218 7 5
218 0 5
218 87 5
218 96 4
218 27 4
218 90 2
218 133 5
218 171 4
218 98 3
218 117 4
218 120 4
218 124 3
218 126 5
218 131 5
218 132 3
218 142 5
218 143 4
218 150 3
218 151 3
218 173 5
218 97 4
218 152 3
218 185 4
218 275 2
218 167 5
218 193 5
218 199 3
218 198 4
218 196 4
218 195 4
218 194 4
218 186 5
218 192 5
218 184 3
218 202 3
218 182 3
218 281 4
218 201 3
218 209 5
218 203 4
218 204 5
218 207 5
218 177 5
218 210 5
218 212 3
218 214 5
218 236 5
218 251 4
218 256 4
218 260 4
218 264 4
218 273 3
218 274 3
218 180 4
218 280 3
218 484 3
218 283 4
218 429 5
218 501 5
218 310 3
218 316 4
218 317 5
218 355 3
218 356 5
218 392 4
218 401 3
218 417 4
218 418 5
218 422 5
218 426 5
218 502 4
218 332 5
218 478 5
218 485 3
218 434 5
218 495 5
218 497 5
218 482 5
218 481 5
218 483 4
218 476 4
218 473 4
218 472 3
218 470 4
218 464 4
218 431 4
218 844 3
218 293 3
218 285 4
218 503 3
218 510 4
218 513 4
218 522 4
218 525 5
218 526 5
218 529 5
218 545 3
218 548 4
218 587 4
218 595 3
218 506 4
218 603 5
218 624 4
218 650 5
218 602 5
218 659 3
218 1345 3
218 1141 4
218 651 3
218 992 4
218 950 4
218 865 3
218 945 3
218 841 4
218 819 4
218 741 3
218 704 4
218 678 3
218 863 3
221 288 3
221 298 2
221 293 1
221 269 2
221 357 3
221 257 3
221 244 2
221 306 4
221 300 4
221 265 2
221 302 2
221 679 2
221 308 2
221 321 2
221 878 2
221 747 1
221 987 2
221 327 3
221 322 2
221 332 3
221 270 4
237 10 4
237 27 5
237 14 5
237 20 5
237 21 5
237 24 5
237 30 5
237 62 3
237 43 5
237 49 5
237 50 5
237 57 5
237 99 4
237 7 5
237 37 4
237 0 5
237 71 5
237 65 5
237 101 4
237 70 5
237 72 5
237 76 4
237 79 2
237 236 4
237 81 4
237 90 4
237 93 4
237 94 5
237 96 5
237 97 5
237 98 4
237 87 5
237 66 4
237 63 5
237 68 5
237 69 4
237 194 3
237 120 4
237 125 5
237 131 5
237 132 5
237 134 3
237 135 5
237 142 5
237 117 5
237 150 4
237 152 5
237 160 4
237 167 3
237 171 5
237 173 5
237 147 4
237 180 5
237 116 5
237 176 4
237 184 4
237 196 5
237 199 5
237 201 5
237 203 5
237 207 5
237 208 3
237 209 5
237 212 5
237 214 5
237 215 5
237 224 4
237 227 5
237 230 5
237 104 4
237 192 5
237 204 3
237 234 5
237 442 4
237 237 5
237 500 5
237 276 4
237 282 5
237 283 5
237 285 5
237 292 3
237 254 4
237 317 5
237 369 4
237 375 4
237 383 2
237 384 5
237 392 4
237 404 5
237 356 4
237 402 5
237 274 5
237 417 5
237 422 5
237 46 5
237 421 4
237 426 5
237 431 4
237 446 4
237 484 5
237 464 5
237 467 5
237 469 5
237 472 4
237 478 5
237 495 5
237 418 5
237 450 5
237 526 3
237 698 5
237 256 5
237 822 3
237 567 5
237 569 4
237 574 4
237 583 3
237 587 5
237 595 5
237 602 5
237 626 5
237 650 5
237 659 5
237 691 5
237 693 5
237 707 3
237 553 3
237 738 5
237 558 3
237 731 5
237 728 5
237 548 5
237 746 3
237 1083 5
237 863 4
237 865 5
237 962 5
237 965 5
237 968 5
237 988 5
237 844 5
237 1015 3
237 1027 4
237 1034 4
237 1043 5
237 251 4
237 762 5
237 992 4
241 306 5
241 321 4
241 257 1
241 259 3
241 268 4
241 270 4
241 287 4
241 299 5
241 304 4
241 312 3
241 244 4
241 322 4
241 327 3
241 332 4
241 339 5
241 341 2
241 346 5
241 354 3
241 747 2
241 901 5
241 323 1
241 677 3
245 171 4
245 142 5
245 87 5
245 14 5
245 49 4
245 0 5
245 172 5
245 70 5
245 94 5
245 179 3
245 210 3
245 173 4
245 203 4
245 198 5
245 204 4
245 185 4
245 180 4
245 195 4
245 264 5
245 178 1
245 214 5
245 65 5
245 273 4
245 417 5
245 479 5
245 434 4
245 427 1
245 404 5
245 416 5
245 401 4
245 422 4
245 496 5
245 968 5
245 485 4
245 519 5
245 501 2
245 503 1
245 1132 5
245 945 5
245 377 5
245 587 5
245 583 3
245 525 5
245 661 2
252 152 3
252 22 5
252 49 5
252 88 4
252 97 4
252 126 5
252 209 4
252 131 5
252 132 5
252 135 5
252 167 5
252 180 4
252 172 4
252 173 5
252 175 4
252 178 5
252 182 3
252 184 5
252 186 5
252 189 4
252 194 5
252 203 4
252 171 5
252 0 4
252 192 4
252 213 3
252 479 5
252 210 2
252 257 3
252 264 2
252 270 3
252 285 5
252 323 4
252 227 4
252 339 4
252 426 5
252 428 4
252 478 5
252 434 5
252 482 5
252 488 4
252 514 5
252 529 4
252 602 5
252 603 5
252 615 4
252 653 5
252 656 5
252 1038 4
252 588 5
254 244 4
254 257 5
254 259 1
254 270 2
254 269 2
254 271 5
254 299 3
254 312 5
254 314 4
254 325 2
254 285 5
254 315 5
254 897 2
254 326 2
254 300 3
254 330 4
254 331 5
254 332 4
254 342 2
254 339 4
254 357 1
254 749 4
254 327 2
254 345 4
254 904 4
261 244 4
261 257 4
261 287 4
261 293 3
261 263 1
261 311 5
261 312 4
261 320 2
261 299 5
261 322 2
261 301 5
261 321 3
261 677 2
261 327 2
261 267 2
261 332 5
261 335 2
261 349 5
261 688 5
261 346 5
261 878 5
261 1024 2
261 331 5
261 682 1
261 747 1
268 65 4
268 63 4
268 54 4
268 41 3
268 0 4
268 23 4
268 21 5
268 184 3
268 68 5
268 30 5
268 72 5
268 97 5
268 49 4
268 96 5
268 180 3
268 78 5
268 178 3
268 175 4
268 174 1
268 176 4
268 173 4
268 126 4
268 116 3
268 76 5
268 182 5
268 434 3
268 185 5
268 179 4
268 392 2
268 356 5
268 264 5
268 236 5
268 209 4
268 201 5
268 422 5
268 196 4
268 233 5
268 430 5
268 203 5
268 442 4
268 193 3
268 626 4
268 745 4
268 662 5
268 526 5
268 654 4
268 522 4
268 503 4
268 495 4
268 451 2
268 448 3
276 80 4
276 8 5
276 13 5
276 18 4
276 57 4
276 315 5
276 88 3
276 136 5
276 99 4
276 123 4
276 133 5
276 134 5
276 165 4
276 85 5
276 179 5
276 181 5
276 204 4
276 187 5
276 222 3
276 196 5
276 199 5
276 202 5
276 314 5
276 192 4
276 212 5
276 301 4
276 236 4
276 237 5
276 267 5
276 284 5
276 285 5
276 184 5
276 312 2
276 131 5
276 530 3
276 271 3
276 503 4
276 487 4
276 339 5
276 356 5
276 424 4
276 434 4
276 344 2
276 463 4
276 473 5
276 477 5
276 478 4
276 479 5
276 482 5
276 474 2
276 318 2
276 483 4
276 495 5
276 426 5
276 504 4
276 512 5
276 659 4
276 516 5
276 527 4
276 602 5
276 603 5
276 638 4
276 640 4
276 513 5
276 656 5
276 1062 5
276 320 5
276 662 5
276 735 5
276 1004 3
276 653 5
292 299 3
292 257 2
292 271 4
292 285 4
292 288 1
292 268 5
292 302 3
292 311 2
292 312 5
292 314 4
292 315 4
292 322 3
292 310 3
292 327 3
292 339 2
292 872 4
292 689 4
292 353 3
292 537 3
292 688 2
292 753 3
292 747 2
292 351 3
292 881 3
292 885 2
292 897 3
292 904 4
292 346 1
304 291 2
304 262 5
304 285 4
304 288 5
304 257 4
304 244 5
304 299 4
304 302 5
304 303 4
304 318 3
304 321 3
304 327 4
304 331 5
304 301 4
304 330 4
304 681 5
304 333 5
304 267 5
304 358 5
304 680 5
304 687 5
304 873 5
304 988 5
304 679 5
304 937 5
304 989 5
304 1264 5
304 340 5
304 1295 5
304 936 5
304 880 5
318 288 3
318 267 2
318 268 4
318 269 4
318 285 3
318 320 4
318 291 5
318 305 3
318 299 3
318 300 3
318 301 4
318 302 2
318 244 4
318 306 3
318 293 1
318 287 2
318 310 2
318 298 2
318 321 3
318 886 4
318 339 2
318 327 3
318 331 3
318 333 3
318 337 2
318 358 3
318 879 2
318 326 2
318 747 2
318 753 3
318 878 3
318 882 3
318 887 1
318 325 2
318 689 2
318 687 2
321 358 2
321 261 1
321 260 2
321 258 4
321 244 2
321 241 1
321 242 4
321 262 2
321 257 4
321 263 3
321 291 3
321 301 3
321 268 2
321 269 4
321 285 1
321 287 5
321 288 1
321 293 5
321 298 1
321 265 2
321 299 4
321 267 2
321 302 2
321 318 2
321 304 3
321 300 4
321 323 4
321 322 4
321 321 4
321 307 1
321 320 3
321 305 2
321 325 4
321 324 3
321 333 3
321 259 5
321 326 4
321 328 4
321 329 3
321 330 5
321 306 4
321 331 4
321 332 5
321 334 4
321 335 4
321 303 3
321 336 2
321 327 5
321 357 1
321 686 2
321 359 3
321 871 2
321 883 1
321 677 5
321 679 1
321 681 4
321 682 1
321 687 1
321 689 4
321 747 4
321 748 3
321 680 1
321 872 5
321 877 1
321 873 4
321 880 4
321 878 4
321 876 4
321 875 4
321 874 2
321 882 1
321 879 1
321 884 1
321 1294 2
321 881 1
321 1394 1
321 885 4
321 886 1
321 936 4
321 947 3
321 983 4
321 987 1
321 988 1
321 989 3
321 990 2
321 994 1
321 937 4
321 1024 3
321 1021 4
321 1391 1
321 1295 3
321 456 2
321 1393 1
321 1279 1
321 1264 4
321 1037 1
321 1025 1
321 1392 2
335 151 4
335 135 4
335 133 5
335 167 4
335 489 5
335 9 5
335 152 4
335 126 4
335 160 3
335 482 5
335 172 4
335 198 4
335 214 4
335 237 4
335 285 5
335 305 4
335 473 5
335 483 5
335 486 5
335 64 4
335 193 5
335 63 5
335 606 5
335 494 5
335 506 5
335 581 5
335 510 5
335 512 5
335 602 5
335 509 4
335 519 4
335 604 4
335 529 5
335 609 4
335 610 5
335 640 4
335 653 4
335 655 5
335 704 5
335 922 5
335 1557 5
335 498 5
335 854 4
345 312 4
345 244 3
345 268 4
345 285 2
345 287 3
345 301 5
345 300 2
345 306 3
345 288 3
345 310 3
345 241 5
345 293 1
345 302 4
345 345 4
345 318 3
345 325 2
345 327 2
345 329 3
345 340 4
345 344 1
345 346 2
345 537 3
345 751 3
345 888 5
345 320 3
345 747 2
354 270 5
354 258 3
354 260 2
354 262 1
354 263 3
354 265 3
354 269 2
354 242 3
354 287 5
354 299 2
354 300 1
354 306 4
354 312 4
354 322 4
354 337 4
354 257 2
354 293 3
354 332 4
354 686 4
354 341 4
354 327 4
354 349 3
354 357 4
354 538 3
354 677 3
354 679 3
354 680 1
354 682 3
354 681 5
354 750 3
354 753 2
354 878 3
354 889 2
354 891 2
354 892 2
354 342 5
354 894 4
369 10 4
369 95 3
369 11 5
369 22 5
369 78 3
369 47 4
369 167 5
369 132 3
369 133 5
369 134 5
369 99 5
369 179 5
369 127 4
369 178 5
369 172 4
369 191 5
369 529 4
369 479 5
369 204 4
369 207 5
369 429 5
369 491 4
369 317 4
369 513 2
369 520 5
369 522 5
369 199 4
369 653 4
369 509 5
369 542 4
390 55 4
390 49 4
390 44 4
390 0 3
390 21 5
390 7 3
390 479 5
390 80 3
390 22 5
390 85 3
390 135 4
390 173 4
390 99 5
390 110 4
390 130 5
390 131 4
390 133 4
390 134 4
390 88 5
390 150 5
390 152 5
390 97 5
390 176 4
390 366 4
390 180 4
390 169 4
390 185 3
390 186 5
390 181 3
390 190 4
390 196 5
390 198 4
390 204 4
390 212 5
390 217 4
390 98 5
390 237 5
390 264 5
390 274 5
390 306 4
390 422 3
390 426 5
390 433 3
390 434 4
390 473 5
390 477 4
390 177 5
390 377 3
390 478 5
390 189 5
390 480 3
390 506 3
390 483 5
390 484 3
390 527 3
390 489 4
390 491 3
390 495 3
390 496 4
390 497 4
390 504 5
390 558 3
390 505 4
390 519 5
390 512 4
390 526 3
390 523 5
390 522 4
390 524 4
390 518 5
390 514 5
390 513 3
390 481 4
390 510 5
390 630 5
390 486 5
390 482 5
390 647 4
390 602 5
390 603 5
390 604 4
390 606 4
390 608 4
390 610 5
390 616 4
390 637 3
390 640 4
390 645 4
390 614 5
390 654 4
390 588 5
390 656 5
390 660 5
390 1008 4
390 1020 2
390 1123 4
390 1125 4
390 1193 5
390 1199 3
390 1450 4
403 270 4
403 302 5
403 300 3
403 288 1
403 287 2
403 285 4
403 242 1
403 257 3
403 244 1
403 301 4
403 267 3
403 304 5
403 326 4
403 320 1
403 878 2
403 747 3
403 885 2
403 357 2
403 339 3
403 325 1
403 323 2
403 689 3
412 11 5
412 54 4
412 82 4
412 174 5
412 6 5
412 208 4
412 199 5
412 238 2
412 257 4
412 194 4
412 267 5
412 197 4
412 264 4
412 518 5
412 275 4
412 99 5
412 424 5
412 482 5
412 512 5
412 601 4
412 356 5
412 654 5
412 662 4
412 707 5
412 285 4
412 523 5
412 529 4
432 313 1
432 0 1
432 14 5
432 146 1
432 242 1
432 124 4
432 287 2
432 284 5
432 286 5
432 303 5
432 293 2
432 257 3
432 258 1
432 312 5
432 537 1
432 876 5
432 1011 1
432 351 1
432 407 5
432 318 1
432 749 4
432 474 2
432 877 1
432 889 1
432 893 1
432 907 1
432 947 1
432 900 1
436 11 5
436 49 5
436 63 5
436 88 5
436 27 3
436 193 5
436 175 5
436 257 5
436 271 5
436 125 5
436 296 5
436 126 4
436 278 4
436 0 4
436 302 4
436 434 5
436 513 4
436 470 3
436 477 5
436 529 5
436 1314 4
436 508 4
436 606 4
436 631 3
436 1156 2
436 317 5
436 575 3
436 602 5
448 263 1
448 265 1
448 267 4
448 269 2
448 271 5
448 323 4
448 288 1
448 291 1
448 293 3
448 301 4
448 312 5
448 285 5
448 242 1
448 287 3
448 322 1
448 257 4
448 326 4
448 679 1
448 331 3
448 332 1
448 335 1
448 357 1
448 677 1
448 878 1
448 329 3
448 747 2
448 922 5
448 947 1
448 987 1
448 327 1
448 680 1
448 681 3
449 304 5
449 167 4
449 172 3
449 241 5
449 269 5
449 299 5
449 291 5
449 293 4
449 300 4
449 287 5
449 301 5
449 7 2
449 360 5
449 257 5
449 844 5
449 325 5
449 332 5
449 337 5
449 339 5
449 689 5
449 983 5
449 331 5
449 937 5
449 1024 5
449 1295 5
449 329 5
449 873 5
468 21 5
468 0 4
468 1 1
468 3 3
468 6 2
468 10 2
468 55 5
468 110 2
468 37 3
468 41 2
468 176 3
468 49 5
468 52 2
468 14 3
468 61 3
468 88 5
468 96 3
468 81 4
468 68 4
468 69 2
468 75 3
468 76 3
468 78 4
468 63 4
468 80 1
468 62 2
468 86 4
468 87 3
468 53 3
468 93 2
468 95 4
468 82 5
468 54 3
468 153 3
468 392 2
468 143 3
468 142 3
468 141 2
468 138 2
468 135 1
468 134 5
468 144 2
468 131 3
468 126 5
468 124 2
468 120 4
468 117 3
468 116 4
468 178 4
468 127 3
468 97 2
468 150 3
468 175 3
468 100 3
468 162 4
468 152 2
468 155 4
468 156 5
468 159 3
468 151 2
468 160 4
468 104 3
468 166 2
468 167 3
468 171 3
468 173 5
468 174 2
468 163 3
468 99 4
468 232 3
468 292 3
468 187 5
468 181 3
468 231 2
468 182 3
468 184 2
468 185 5
468 201 3
468 186 4
468 199 4
468 192 4
468 193 3
468 195 2
468 196 3
468 197 4
468 190 5
468 198 4
468 194 5
468 203 4
468 228 3
468 213 3
468 204 1
468 207 3
468 209 4
468 210 1
468 222 3
468 212 2
468 227 4
468 215 3
468 221 3
468 224 1
468 225 3
468 226 3
468 214 2
468 180 4
468 229 3
468 387 2
468 257 3
468 236 2
468 237 1
468 238 5
468 244 4
468 247 3
468 233 3
468 256 3
468 293 2
468 271 4
468 281 3
468 285 4
468 289 3
468 290 4
468 264 4
468 299 4
468 306 4
468 179 5
468 366 3
468 317 4
468 327 4
468 332 5
468 355 1
468 356 4
468 312 4
468 365 2
468 309 4
468 377 3
468 379 3
468 380 2
468 384 4
468 385 1
468 370 1
468 218 1
468 27 4
468 789 2
468 440 3
468 435 1
468 430 4
468 428 3
468 427 1
468 424 2
468 443 1
468 422 2
468 410 2
468 409 1
468 408 2
468 406 1
468 404 3
468 402 2
468 415 1
468 509 2
468 446 2
468 454 3
468 457 2
468 470 2
468 471 1
468 473 4
468 479 4
468 508 4
468 447 4
468 491 4
468 495 2
468 658 1
468 505 2
468 507 3
468 448 3
468 481 2
468 501 2
468 621 3
468 577 1
468 519 3
468 571 2
468 522 4
468 525 3
468 526 2
468 520 4
468 517 2
468 530 5
468 545 2
468 570 1
468 401 1
468 562 1
468 549 3
468 394 1
468 565 5
468 450 2
468 1619 2
468 596 4
468 580 1
468 584 2
468 516 1
468 618 3
468 619 3
468 627 4
468 572 1
468 574 1
468 637 1
468 641 1
468 653 2
468 656 4
468 657 2
468 575 1
468 630 2
468 475 2
468 510 4
468 691 2
468 683 5
468 684 3
468 685 2
468 692 1
468 695 1
468 701 3
468 673 3
468 711 3
468 718 3
468 721 1
468 727 2
468 731 2
468 736 1
468 738 3
468 741 3
468 929 4
468 745 5
468 861 2
468 755 1
468 669 1
468 762 1
468 764 1
468 770 2
468 778 1
468 754 2
468 779 2
468 747 5
468 801 2
468 808 3
468 818 3
468 822 2
468 839 4
468 796 2
468 940 1
468 707 2
468 943 2
468 1100 2
468 1086 2
468 1064 1
468 1045 1
468 1041 2
468 1034 2
468 1131 1
468 1027 2
468 1015 3
468 1013 2
468 1011 4
468 983 4
468 972 2
468 678 2
468 1022 3
468 1132 2
468 1043 1
468 1187 1
468 1134 2
468 1138 3
468 1139 1
468 1182 1
468 1206 1
468 1205 3
468 1209 2
468 966 2
468 1227 2
468 1230 2
468 1243 3
468 1266 1
468 1443 3
468 1477 2
468 1135 2
470 315 3
470 244 1
470 268 3
470 269 3
470 271 3
470 302 4
470 321 1
470 300 3
470 311 1
470 299 2
470 285 1
470 301 3
470 688 2
470 326 2
470 325 1
470 337 3
470 343 4
470 345 3
470 339 3
470 895 5
470 749 2
470 874 2
470 902 2
470 346 4
492 323 3
492 301 3
492 298 2
492 268 3
492 287 2
492 326 2
492 324 3
492 288 2
492 318 2
492 285 1
492 872 2
492 332 1
492 336 2
492 339 2
492 871 2
492 990 1
492 874 3
492 333 1
492 885 1
492 881 3
493 88 4
493 27 4
493 196 5
493 10 4
493 11 5
493 21 5
493 96 2
493 22 5
493 98 5
493 97 5
493 49 4
493 55 5
493 63 5
493 78 4
493 25 5
493 47 5
493 133 5
493 126 5
493 178 5
493 193 5
493 167 5
493 169 5
493 134 5
493 172 5
493 173 4
493 175 3
493 177 5
493 186 5
493 179 5
493 180 4
493 181 5
493 184 5
493 191 5
493 1 3
493 190 5
493 197 5
493 450 4
493 316 5
493 204 5
493 207 5
493 208 5
493 213 5
493 429 4
493 434 5
493 264 4
493 233 4
493 317 5
493 326 5
493 356 5
493 1183 1
493 424 5
493 298 5
493 503 5
493 426 5
493 203 4
493 466 5
493 473 5
493 479 5
493 513 5
493 517 5
493 520 5
493 526 3
493 171 4
493 541 1
493 587 4
493 602 5
493 650 5
493 653 5
493 805 5
493 968 5
493 527 5
495 308 5
495 338 5
495 331 5
495 328 5
495 325 5
495 301 5
495 306 4
495 303 5
495 287 5
495 258 5
495 337 5
495 335 2
495 340 5
495 348 5
495 876 5
495 358 5
495 681 5
495 748 5
495 677 5
495 1233 5
495 878 5
495 897 5
495 1126 5
495 753 5
537 322 3
537 244 3
537 257 3
537 268 4
537 270 4
537 285 4
537 287 4
537 321 2
537 299 3
537 300 4
537 303 4
537 304 4
537 305 4
537 293 4
537 269 4
537 302 4
537 324 1
537 747 3
537 878 4
537 327 4
537 329 2
537 330 4
537 357 3
537 682 1
537 687 1
537 337 3
537 748 3
537 872 3
537 880 2
537 885 3
537 1279 1
537 326 4
537 875 2
550 99 5
550 97 5
550 55 4
550 0 5
550 21 4
550 140 4
550 27 4
550 162 4
550 186 4
550 175 3
550 176 5
550 179 5
550 182 4
550 221 5
550 169 5
550 206 5
550 171 5
550 523 5
550 241 4
550 614 4
550 505 5
550 431 5
550 299 4
550 480 5
550 482 5
550 485 4
550 494 4
550 504 4
550 658 5
550 477 4
550 647 4
550 656 4
550 343 4
550 723 4
550 920 5
550 1067 4
550 1120 5
581 299 4
581 287 3
581 285 4
581 270 3
581 311 3
581 263 5
581 261 5
581 244 4
581 301 5
581 269 4
581 331 4
581 293 5
581 747 4
581 324 1
581 874 4
581 750 3
581 749 5
581 871 5
581 345 5
581 339 5
581 332 4
581 326 5
581 312 5
585 325 3
585 8 3
585 258 2
585 265 2
585 269 5
585 262 3
585 303 1
585 293 1
585 299 4
585 309 4
585 306 4
585 270 4
585 288 4
585 679 2
585 242 3
585 889 4
585 334 2
585 357 3
585 537 3
585 689 4
585 750 5
585 876 1
585 749 4
585 891 1
585 892 3
585 341 1
585 900 1
585 987 3
585 897 1
592 97 5
592 96 5
592 94 5
592 70 5
592 69 4
592 13 4
592 27 5
592 21 5
592 14 5
592 99 2
592 0 5
592 236 5
592 63 5
592 105 2
592 179 5
592 116 3
592 212 5
592 110 4
592 173 5
592 160 4
592 150 4
592 180 4
592 131 5
592 125 5
592 124 4
592 120 3
592 117 3
592 147 3
592 233 5
592 78 5
592 55 5
592 356 5
592 483 5
592 472 3
592 470 4
592 458 5
592 434 4
592 426 5
592 293 4
592 388 5
592 317 5
592 273 5
592 283 3
592 280 3
592 404 4
592 482 5
592 559 3
592 475 4
592 503 4
592 274 5
592 494 5
592 1059 5
592 992 4
592 844 5
592 762 3
592 1083 5
592 741 4
592 706 5
592 704 5
592 596 3
592 508 5
592 1196 5
594 3 5
594 6 5
594 7 5
594 11 4
594 12 5
594 16 4
594 21 5
594 24 3
594 101 4
594 30 5
594 32 3
594 41 4
594 47 5
594 203 4
594 51 3
594 52 5
594 54 4
594 55 5
594 25 5
594 57 5
594 97 5
594 65 4
594 68 5
594 70 3
594 76 4
594 78 4
594 80 4
594 82 3
594 86 5
594 87 5
594 88 5
594 63 5
594 89 4
594 91 5
594 93 2
594 94 4
594 95 4
594 96 5
594 27 3
594 99 5
594 100 3
594 67 3
594 90 3
594 110 4
594 175 4
594 124 4
594 127 2
594 133 5
594 134 4
594 135 5
594 139 3
594 167 5
594 142 4
594 143 5
594 149 4
594 126 5
594 140 4
594 150 4
594 159 4
594 158 3
594 156 5
594 160 3
594 154 3
594 153 5
594 152 4
594 155 5
594 151 5
594 0 4
594 163 3
594 169 4
594 172 5
594 173 5
594 123 4
594 201 4
594 179 4
594 180 4
594 181 4
594 182 4
594 183 3
594 174 4
594 185 4
594 187 5
594 190 5
594 192 5
594 193 5
594 194 4
594 195 5
594 196 5
594 197 4
594 171 5
594 186 5
594 237 5
594 49 5
594 639 1
594 209 4
594 210 5
594 214 4
594 215 5
594 216 3
594 217 4
594 218 2
594 221 3
594 285 5
594 226 1
594 228 3
594 229 3
594 230 3
594 232 4
594 233 4
594 236 4
594 239 3
594 272 3
594 273 4
594 473 5
594 281 3
594 238 4
594 293 3
594 205 4
594 417 4
594 355 3
594 373 1
594 400 4
594 403 4
594 407 5
594 409 4
594 332 3
594 227 3
594 418 4
594 424 5
594 425 4
594 426 4
594 317 5
594 432 4
594 449 1
594 458 4
594 472 3
594 422 5
594 427 5
594 474 5
594 470 3
594 501 5
594 513 5
594 530 4
594 565 4
594 567 3
594 587 3
594 605 4
594 624 4
594 477 4
594 630 4
594 641 4
594 650 5
594 653 5
594 654 5
594 658 4
594 659 5
594 683 4
594 685 4
594 691 4
594 720 4
594 502 5
594 707 4
594 516 5
594 709 4
594 208 4
594 731 5
594 734 4
594 738 4
594 741 4
594 746 4
594 761 4
594 708 3
594 791 3
594 865 2
594 918 4
594 769 4
594 1066 4
594 1069 4
594 1106 3
594 1117 3
594 1134 3
594 1216 1
594 1266 4
594 1045 3
594 714 5
595 291 3
595 288 2
595 287 3
595 242 1
595 258 4
595 244 2
595 303 3
595 293 3
595 267 4
595 285 2
595 686 2
595 321 4
595 322 2
595 324 4
595 677 3
595 747 1
595 988 2
595 990 3
595 320 2
595 318 2
611 689 5
611 241 4
611 271 3
611 285 5
611 301 3
611 302 1
611 310 4
611 307 4
611 309 4
611 312 4
611 339 1
611 305 2
611 345 3
611 268 4
611 899 3
611 267 3
611 1233 4
611 749 3
611 876 2
611 895 3
611 903 3
611 908 4
611 1021 2
611 1398 3
611 902 4
611 1393 4
611 1433 4
611 1462 1
611 1591 3
611 750 2
611 1237 2
614 171 5
614 142 5
614 132 5
614 120 5
614 206 5
614 37 5
614 26 5
614 14 5
614 173 5
614 117 5
614 196 5
614 624 5
614 233 5
614 567 4
614 927 5
614 675 5
614 587 5
614 632 5
614 426 4
614 420 5
614 405 4
614 297 5
614 287 5
615 78 5
615 70 5
615 55 1
615 49 5
615 195 3
615 21 5
615 14 5
615 7 5
615 81 5
615 27 5
615 87 5
615 161 3
615 94 5
615 172 5
615 171 5
615 167 5
615 173 5
615 131 5
615 120 5
615 97 1
615 96 5
615 152 4
615 180 5
615 68 5
615 299 5
615 95 4
615 493 3
615 434 4
615 418 5
615 384 5
615 207 5
615 293 5
615 227 5
615 209 5
615 484 5
615 317 5
615 489 5
615 201 4
615 479 5
615 495 5
615 518 4
615 565 5
615 203 5
615 583 4
615 647 5
615 658 4
615 662 2
615 704 5
615 741 5
615 968 5
615 567 5
623 314 4
623 305 4
623 241 3
623 268 3
623 271 2
623 301 2
623 302 4
623 304 2
623 312 1
623 299 1
623 318 4
623 339 2
623 343 2
623 346 4
623 886 3
623 888 2
623 895 2
623 320 3
623 899 4
623 881 2
624 21 5
624 11 5
624 10 3
624 215 3
624 6 5
624 0 4
624 22 5
624 8 5
624 27 5
624 67 4
624 133 5
624 50 3
624 63 5
624 30 5
624 68 2
624 88 5
624 95 5
624 97 5
624 116 3
624 131 3
624 49 5
624 134 5
624 206 5
624 149 5
624 155 5
624 167 4
624 182 3
624 173 5
624 174 5
624 175 3
624 179 5
624 180 5
624 181 4
624 171 5
624 194 5
624 185 5
624 187 4
624 190 5
624 195 3
624 210 3
624 197 5
624 202 4
624 203 4
624 143 3
624 209 5
624 55 5
624 78 4
624 196 4
624 497 4
624 249 4
624 251 2
624 256 4
624 257 3
624 269 5
624 272 3
624 482 5
624 285 5
624 288 5
624 294 4
624 275 1
624 430 4
624 317 5
624 474 5
624 473 5
624 479 5
624 422 3
624 327 5
624 322 3
624 221 4
624 299 2
624 495 5
624 293 3
624 510 5
624 528 5
624 527 4
624 587 3
624 602 5
624 649 5
624 650 5
624 523 5
624 654 4
624 656 5
624 659 4
624 677 3
624 651 5
624 689 5
624 1607 2
624 1158 5
624 1153 5
624 1064 5
624 227 5
624 955 4
624 854 5
624 747 4
624 1038 5
632 31 5
632 27 4
632 22 5
632 134 4
632 7 3
632 3 3
632 41 4
632 21 3
632 44 3
632 301 5
632 55 5
632 63 5
632 70 2
632 95 4
632 97 5
632 130 4
632 132 4
632 168 5
632 133 5
632 49 5
632 11 5
632 257 4
632 170 5
632 194 4
632 173 5
632 172 5
632 175 4
632 178 5
632 179 5
632 180 4
632 182 5
632 184 4
632 186 4
632 288 4
632 210 5
632 212 4
632 299 3
632 267 4
632 268 4
632 285 3
632 287 4
632 293 2
632 171 4
632 526 4
632 54 3
632 513 5
632 331 3
632 332 5
632 333 4
632 510 5
632 357 3
632 417 4
632 420 4
632 422 5
632 427 4
632 356 5
632 461 4
632 477 4
632 478 4
632 479 5
632 480 5
632 495 4
632 320 3
632 503 5
632 473 5
632 460 4
632 511 5
632 500 4
632 517 4
632 653 4
632 522 4
632 602 4
632 650 5
632 651 5
632 691 2
632 706 4
632 752 3
632 771 5
632 581 5
632 326 4
632 920 5
632 922 5
632 936 4
632 962 4
632 963 4
632 1072 5
632 1102 5
632 1421 3
632 805 4
675 116 3
675 115 5
675 112 5
675 106 3
675 105 4
675 63 4
675 15 1
675 23 1
675 13 4
675 7 3
675 239 1
675 120 4
675 49 2
675 99 3
675 173 3
675 125 5
675 234 2
675 209 2
675 189 4
675 175 3
675 174 2
675 237 4
675 236 3
675 164 5
675 152 2
675 150 2
675 147 1
675 142 2
675 170 1
675 136 2
675 0 3
675 44 4
675 410 1
675 243 4
675 287 1
675 285 3
675 282 4
675 281 4
675 273 4
675 274 4
675 268 4
675 264 3
675 256 4
675 404 3
675 254 3
675 280 4
675 409 3
675 708 4
675 299 4
675 522 2
675 454 1
675 1314 3
675 1047 2
675 1009 2
675 870 3
675 844 3
675 244 3
675 755 3
675 704 2
675 689 3
675 650 3
675 762 3
675 534 4
701 1242 3
701 1257 2
701 1262 3
701 1325 4
701 1283 4
701 1300 4
701 1313 5
701 1273 5
701 1238 3
701 991 4
701 1215 3
701 1214 5
701 1180 3
701 1179 4
701 1133 5
701 1097 1
701 1054 4
701 1034 5
701 1018 3
701 1327 4
701 1228 1
701 1336 3
701 1505 3
701 1378 3
701 962 1
701 1662 3
701 1634 4
701 1631 5
701 1629 3
701 1606 5
701 1592 5
701 1575 3
701 1574 3
701 1352 5
701 1548 5
701 1527 4
701 1454 3
701 1452 2
701 1438 4
701 1427 4
701 1425 3
701 1423 4
701 1417 4
701 1415 5
701 1540 5
701 954 1
701 1675 4
701 937 4
701 418 4
701 410 4
701 409 3
701 396 4
701 395 3
701 361 3
701 359 4
701 315 3
701 295 5
701 445 3
701 260 3
701 229 5
701 215 5
701 205 3
701 151 3
701 146 2
701 130 4
701 85 4
701 10 5
701 2 5
701 240 4
701 472 3
701 942 4
701 519 4
701 924 3
701 916 5
701 910 3
701 880 5
701 851 3
701 475 5
701 837 3
701 822 4
701 748 5
701 720 4
701 849 3
701 716 5
701 714 3
701 708 3
701 602 4
701 578 5
701 564 4
701 553 3
701 532 4
701 522 5
701 719 2
710 997 2
710 1011 1
710 1014 4
710 1110 3
710 1031 3
710 1072 4
710 1083 3
710 1030 3
710 977 4
710 871 2
710 960 3
710 959 3
710 952 3
710 949 2
710 928 2
710 926 4
710 919 5
710 913 1
710 890 4
710 1129 4
710 967 3
710 1189 2
710 1485 5
710 1274 4
710 864 4
710 1658 3
710 1654 4
710 1651 3
710 1619 4
710 1609 5
710 1595 5
710 1571 4
710 1538 2
710 1259 4
710 1536 3
710 1488 4
710 1474 2
710 1468 5
710 1438 4
710 1401 5
710 1350 3
710 1316 4
710 1310 3
710 1284 3
710 1529 4
710 860 3
710 1660 4
710 823 3
710 422 4
710 411 3
710 390 4
710 385 3
710 373 5
710 339 5
710 328 5
710 292 3
710 288 4
710 431 4
710 277 1
710 239 5
710 221 3
710 177 4
710 147 3
710 108 5
710 107 3
710 80 2
710 22 4
710 21 2
710 271 4
710 455 4
710 847 2
710 479 3
710 797 5
710 771 5
710 756 4
710 742 5
710 728 3
710 460 5
710 709 4
710 706 2
710 696 4
710 668 4
710 720 3
710 621 5
710 604 3
710 598 3
710 552 3
710 549 4
710 528 3
710 526 4
710 524 2
710 521 2
710 642 4
714 988 3
714 1000 3
714 1037 4
714 1120 4
714 1072 3
714 1082 3
714 1112 4
714 1052 4
714 986 3
714 795 3
714 953 4
714 950 4
714 922 3
714 921 5
714 916 4
714 907 1
714 880 5
714 873 5
714 867 3
714 1126 5
714 985 4
714 1177 5
714 1403 4
714 1185 4
714 753 3
714 1653 4
714 1631 3
714 1630 4
714 1580 5
714 1568 5
714 1560 4
714 1526 4
714 1520 4
714 1182 3
714 1502 2
714 1430 4
714 1364 3
714 1358 2
714 1337 3
714 1305 4
714 1258 3
714 1222 4
714 1199 5
714 1187 5
714 1479 4
714 1672 3
714 725 1
714 714 3
714 304 1
714 288 3
714 258 5
714 245 3
714 201 5
714 200 3
714 197 3
714 186 3
714 153 3
714 326 3
714 138 5
714 121 3
714 119 4
714 110 2
714 102 1
714 75 5
714 50 3
714 37 4
714 12 5
714 722 5
714 125 4
714 347 5
714 167 4
714 378 3
714 377 5
714 698 3
714 694 3
714 658 4
714 629 4
714 615 4
714 607 4
714 596 3
714 572 5
714 539 2
714 706 4
714 531 3
714 534 4
714 387 2
714 417 4
714 418 4
714 380 3
714 466 3
714 467 5
714 508 4
714 444 3
717 1029 4
717 1063 3
717 1074 3
717 1159 3
717 1126 3
717 1129 5
717 1156 1
717 1075 4
717 1022 4
717 760 3
717 1008 4
717 937 4
717 929 3
717 919 4
717 880 3
717 865 4
717 823 5
717 809 3
717 774 1
717 1180 3
717 1019 3
717 1183 4
717 1447 5
717 1245 3
717 759 2
717 1673 1
717 1665 5
717 1652 4
717 1644 4
717 1537 4
717 1525 5
717 1519 3
717 1482 3
717 1226 4
717 1480 3
717 1464 3
717 1423 2
717 1420 3
717 1388 5
717 1359 3
717 1296 2
717 1282 1
717 1264 4
717 1260 3
717 1466 2
717 1676 5
717 756 2
717 732 5
717 381 5
717 365 2
717 355 5
717 335 3
717 301 5
717 287 3
717 283 3
717 247 4
717 230 5
717 386 4
717 212 2
717 193 5
717 192 5
717 184 5
717 125 3
717 123 5
717 84 4
717 53 3
717 26 5
717 755 3
717 202 1
717 433 4
717 242 4
717 474 4
717 469 3
717 704 4
717 698 3
717 668 3
717 663 2
717 661 4
717 649 2
717 611 5
717 609 3
717 608 3
717 718 3
717 564 4
717 600 3
717 484 2
717 490 3
717 535 3
717 482 5
717 554 5
717 557 3
717 560 3
717 538 5
720 1232 3
720 1386 4
720 1368 2
720 1362 3
720 1335 5
720 1316 2
720 1282 2
720 1271 4
720 1219 2
720 1041 4
720 1190 3
720 1160 4
720 1158 4
720 1154 3
720 1151 5
720 1131 5
720 1072 3
720 1071 3
720 1390 5
720 1197 4
720 1409 5
720 1659 3
720 1434 1
720 1032 5
720 1658 2
720 1654 4
720 1653 1
720 1644 2
720 1631 4
720 1623 4
720 1613 4
720 1596 4
720 1426 3
720 1584 2
720 1565 4
720 1526 3
720 1497 4
720 1494 3
720 1485 5
720 1477 4
720 1469 5
720 1464 3
720 1450 2
720 1571 2
720 1020 2
720 589 2
720 1014 5
720 478 3
720 477 5
720 476 2
720 410 3
720 382 1
720 381 4
720 354 5
720 336 2
720 308 2
720 507 4
720 301 3
720 264 3
720 229 2
720 157 4
720 141 3
720 80 3
720 47 4
720 30 4
720 20 3
720 1662 5
720 276 1
720 1019 3
720 550 4
720 587 4
720 1001 3
720 998 3
720 933 4
720 932 4
720 911 3
720 850 5
720 839 3
720 835 4
720 832 2
720 582 4
720 828 3
720 804 2
720 778 5
720 763 4
720 696 3
720 659 5
720 623 3
720 619 4
720 614 5
720 598 4
720 809 4
720 1675 2
